352.0192948928228|1003.7760337007107|2005|3
349.73595295534994|1004.7034361086487|2004|35
349.629202649249|1003.4277614161616|2003|40
349.53336309224267|1006.3983515197804|2002|40
351.15512728529586|1003.0951823900989|2001|34
351.46971372956426|1003.251239906462|1003|11
349.19824315687123|1004.365040185701|1002|8
350.5707232798149|1003.183317057408|1001|1
487.5132987794848|1075.6457516998253|2005|3
484.9503293409996|1067.1036516381077|2003|3
360.2240892511827|952.7401547465573|2003|34
368.33816402372383|957.9282922053538|2002|40
328.85958377646307|991.5741637573393|2002|34
345.95268094388416|961.2559938434423|2003|3
348.40122954334055|967.4394387695925|2002|40
340.7900487328505|988.1594749530667|2004|30
346.05684542198037|991.2912878450193|2003|4
416.55070258009874|1025.1159792618375|2004|40
389.62712316309455|1024.5677502480153|2003|4
404.0196100140424|1024.9978857233657|1001|4
416.9376033460047|1050.3068620822976|2004|10
414.7536744913519|1048.6782361901946|2004|40
421.36154542650644|1056.4348468414369|2003|24
426.1283876875771|1061.0836836027852|2002|19
993.2661453215812|371.14987557852123|2005|10
990.2058305604268|389.75276557077314|2004|5
1006.6117323817622|380.36806930756626|2001|12
995.688186529129|385.9636053419526|1004|14
996.6618037571964|379.9085313278525|1003|6
998.304145664943|360.12915141295423|1002|8
999.4496738903517|397.47340511005217|1001|2
1037.8067426342543|1064.2777219183986|2005|59
1003.7996029764279|1064.6802559613254|2004|36
1063.434174228359|1070.9770879912874|2003|36
995.0752626044796|1052.2100854221019|2002|36
1042.1046103551432|1055.8842072869695|2001|36
994.5061464430361|1078.0669127305607|1004|27
1028.428638943348|1070.1908140249625|1003|27
1050.1070657168646|1042.765380388531|1002|27
995.5225232925184|1039.1460307975074|1001|9
714.6430050014578|958.9076894475033|2004|2
759.6297615434444|925.3874899683593|2001|22
705.9112065062255|927.4424550949094|1004|21
743.120079469166|990.533185673544|1003|1
779.4682822127165|958.2688106866615|1002|10
698.7607819410563|934.479423713955|3001|196902
663.8521556493208|1027.0254245624355|2005|16
662.1509199540274|978.3066234025456|2004|31
672.2212638659064|1035.0416628638957|2003|3
657.64084585179|968.2012739271079|2002|32
703.7395774255701|972.1123658876286|2001|31
734.9511308425141|1016.1987911019577|1004|12
689.0941629551228|968.9720225110273|1003|2
670.0405018845822|1019.5407829542887|1002|4
1867.0062547300713|179.0659269076737|2004|28
1859.0333480386819|157.9370356413395|2003|28
1909.2400616815798|186.23192592837262|2002|28
1906.3993831620387|197.64035163983934|2001|28
1879.4752263039336|196.78662179721016|1004|21
1865.9067963098164|184.04291570008925|1003|21
1878.424727571867|159.54813218750925|1002|21
1908.9233977492947|131.53036347916148|1001|21
601.8004461461995|799.4919672450292|2005|90
633.9429741967176|761.3209552342068|2004|36
601.6354009379937|774.945857398036|2003|36
649.6188744948435|786.4696878351536|2001|36
635.1024895929407|745.9878556743693|1004|9
624.9562258108487|728.096673125778|1003|1
619.9776838355818|780.2485514705143|1001|18
1822.1110443655687|100.6572246976282|2004|28
1780.2992048455321|118.03499992996773|2003|28
1744.8962680174086|110.38125451979452|2002|24
1744.510381117922|69.96582348045777|2001|28
1803.7890323469032|81.3023771526455|1004|21
1784.1488461198815|75.62401560921062|1003|21
1778.0098113061056|90.08351375407902|1002|21
1809.3552980008403|76.67469562346318|1001|21
1066.2437821411609|1021.9759168108516|2005|140
1024.6650846109785|1068.6791066837118|2004|4
1044.746974024156|1070.9078946155473|2002|48
1010.2710027877849|1041.7591088927143|2001|51
1054.4407740187064|1035.5115704696818|1004|8
1011.084922065667|1048.2947538317233|1002|26
1092.0754736407534|1046.371123948109|1001|30
1903.4724511976435|103.895692865899|2004|28
1891.7862441643695|133.48544849275538|2003|4
1916.14376552259|112.87832337684543|2001|28
1870.9358264445536|141.15894201460688|1004|21
1913.1471271419637|144.46137268088995|1003|21
1894.755180251021|147.48015280026567|1002|21
1909.5672243430977|114.33438383156629|1001|21
1116.1348633620205|1006.1600618609964|2005|4
1803.4223426538388|143.0686129315644|2002|4
1767.9041959776303|124.55667121976536|1002|21
1496.6708837828307|871.7451570234198|2005|80
1359.3333288507458|859.8617008027545|2005|1
1276.506459934771|822.6504174688381|2001|56
1342.318392536747|843.9117361910884|2005|136
1402.3745121509435|520.2159805772612|2003|84
449.75845381312905|869.2350201887001|2004|49
1196.5008439620922|584.2346331413632|2002|38
1321.3311909052338|789.9864862887149|2005|150
418.46156765475706|887.1185796638863|2004|114
1254.2463259339472|768.7187359564072|2003|31
1508.745815180345|812.725914399002|2005|72
368.96928738354535|795.8571741475449|2003|71
1233.0005164448369|510.4020154631707|2005|66
1237.6669709093205|559.2083329313054|2005|70
283.65762128749896|882.9830088090162|2004|83
1411.0494809599634|771.3487455992513|2005|84
1164.5366120926792|547.3352123116853|2005|64
489.6735894809642|826.7693002697936|2002|28
1439.2326291196882|834.7792281404675|2005|95
1182.0690106538152|779.077927680452|2005|103
401.81626085759814|891.4855473690018|2003|18
1372.3243749902144|837.8511108742947|2005|101
1269.2863255228413|542.0783653432692|2001|47
1435.9969963753438|621.9619751518931|2005|77
1409.9760157186415|854.2132237635163|2005|87
1371.3270832112719|722.8214989971995|2001|72
511.77233412684495|899.9897078016967|2004|71
1111.9147233494002|577.9241269959707|2005|70
396.2687223823024|917.6175334569823|2003|22
985.0319999933563|648.9187726525648|2005|51
1472.9706478928174|825.3026897684553|2005|115
1083.0024891830897|612.5683825754494|2005|64
448.3088469664116|837.8864833395036|2003|94
1491.1738402194312|819.5515463971808|2005|118
1400.421717788982|774.6896070293701|2005|72
1050.9631705892596|670.3576873636204|2005|79
1296.3482968820153|787.9862343373597|2005|59
1082.3059505161423|760.5447784181799|2005|46
1443.6949800916104|793.7232189389109|2005|81
1337.7620920217944|696.1417850490661|2001|50
1274.7879268624492|903.819257206196|2005|99
1349.8986985198198|671.7970979792509|2005|102
428.42356779957754|931.8367418956732|2002|63
1157.358740107035|767.2275799033199|2005|79
1295.60539278972|926.0805191244255|2004|30
1127.968170618345|753.3255192948884|2005|54
370.8813201024434|912.2761229918242|2002|48
1357.1593552001557|890.5707830162148|2005|68
1059.5299418980449|805.5851689661445|2001|67
1146.686027270223|883.7960297312067|2003|73
1340.5082283312975|1001.5521974811585|2005|144
362.0018655412271|998.8793342131943|2002|67
1250.361902716927|961.2898327997619|2005|81
405.16332105241634|1042.3390034365646|2005|8
1399.699773988987|1040.1962066433769|2005|140
1206.0170294146694|1067.6302932444507|2005|65
