208.55253369492263|562.2387158036236|0.0|PAPNPAPPPAPPPAPPPAPPPAPPPPDP|122771|0|0|0|0|0|0|0|0|0|39|5|0|0|0|0|0
298.8151368032364|734.8430198832609|0.0|PAPNPAPPPAPPPAPPPAPPPAPPPPDP|122840|0|0|4|0|0|0|0|0|0|45|6|0|0|0|0|0
661.3737214619827|313.89079026434285|0.7106167552448057|DAPNPAPPDPDAPAPPPAPPPAPPPPDP|122297|0|0|0|0|0|0|0|0|0|51|11|0|1|1|0|0
440.9678411980956|71.37393681465409|0.0|PAPNPAPPDPDAPAPPPAPPPAPPPPDP|89874|0|0|0|0|0|0|0|0|0|103|10|0|0|1|0|0
298.8167840433801|172.09494240948987|0.0|PAPNPAPPDPDAPAPAPAPPPAPPPPDP|123132|0|0|0|0|0|0|0|0|0|117|11|0|1|1|0|0
1686.05894087725|404.29201413519485|1.570240810557082|DAPNPAPPDPDAPAPPPAPPPAPPPPDP|121515|0|0|4|0|0|0|0|0|0|147|12|0|1|1|0|0
1852.5|763.3989857513046|0.0|PAPNPAPPPAPPPAPPPAPPPAPPPPDP|103166|4|0|0|0|0|0|0|0|0|221|8|0|0|0|0|0
754.2839619770132|250.85839209210505|0.0|PAPNPAPPDPDAPAPPPAPPPAPPPPDP|89678|0|4|0|4|0|0|0|0|0|269|10|0|0|1|0|0
651.1832226143372|167.27059779792714|0.0|PAPNPAPPDPDAPAPPPAPPPAPPPPDP|89682|4|0|0|4|0|0|0|0|0|285|12|0|0|1|0|0
355.66663983764903|238.05081187729036|0.0|PAPNPAPPDPDAPAPPPAPPPAPPPPDP|89823|0|0|4|0|0|0|0|0|0|311|10|0|1|1|0|0
528.1593378284135|196.8792393870485|0.0|PAPNPAPPDPDAPAPPPAPPPAPPPPDP|89716|0|0|0|0|0|0|0|0|0|371|10|0|0|1|0|0
351.18321646655215|198.08649443182378|0.0|PAPNPAPPDPDAPAPAPAPPPAPPPPDP|125337|0|4|8|4|0|0|0|0|0|407|11|0|1|1|0|0
555.1133531115361|148.81678404338007|0.0|PAPNPAPPDPDAPAPPPAPPPAPPPPDP|89695|0|8|4|0|0|0|0|0|0|431|10|0|0|1|0|0
297.04672882847944|284.615982247415|0.0|PAPNPAPAAANAPDAPAPPPAPPPAPPPPDP|89401|0|0|4|0|0|0|0|0|0|475|12|0|0|1|0|1
351.1832159566199|134.92482630971415|0.0|PPPNPAPPDPDAPAPPPAPPPAPPPPDP|86333|0|0|0|0|0|0|0|0|0|625|10|0|1|1|0|0
498.8167840433801|354.0|0.0|PAPNPAPPDPDAPAPPPAPPPAPPPPDP|78872|0|4|0|0|0|0|0|0|0|729|10|0|0|1|0|0
53.21076424244032|544.1804197120923|0.0|PAPNPAPPPAPPPAPPPAPPPAPPPPDP|130713|4|8|12|16|0|0|0|0|0|775|5|0|0|0|0|0
593.5790974510201|275.09586222875083|0.0|PAPNPAPPDPDAPAPPPAPPPAPPPPDP|89775|0|0|0|0|0|0|0|0|0|799|11|0|0|1|0|0
676.461471827621|327.79233469508875|3.744972204055092|DAPNPAPPDPDAPAPPPAPPPAPPPPDP|120342|4|4|0|0|4|0|0|0|0|815|12|0|1|1|0|0
365.1293583394839|136.52298179144537|0.0|PAPNPAPPDPDAPAPPPAPPPAPPPPDP|90002|0|0|8|0|0|0|0|0|0|816|10|0|0|1|0|0
697.3045298913037|389.17564314414176|0.0|PAPNPAPPDPDAPAPPPAPPPAPPPPDP|89623|8|4|0|0|4|0|0|0|0|828|11|0|0|1|0|0
250.17789282247998|202.95594941611986|0.0|PAPNPAPPPAPPPAPPPAPPPAPPPPDP|133225|12|0|0|4|0|0|0|0|0|941|5|0|0|0|0|0
518.8166627847697|282.94866018132495|0.0|PAPNPAPPDPDAPAPPPAPPPAPPPPDP|89917|0|0|4|4|0|0|0|0|0|967|9|0|0|1|0|0
174.3676765625233|278.0150276710823|0.0|PAPNPAPPPAPPPAPPPAPPPAPPPPDP|134436|4|8|4|4|4|0|0|0|0|1017|6|0|0|0|0|0
228.1934130427983|427.31879985962075|0.0|PAPNPAPPPAPPPAPPPAPPPAPPPPDP|135058|8|0|8|0|4|0|0|0|0|1061|5|0|0|0|0|0
512.3866918475788|79.5988474998269|0.0|PAPNPAPPDPDAPAPPPAPPPAPPPPDP|90355|0|8|4|4|0|0|0|0|0|1121|11|0|0|1|0|0
394.2571696873212|445.7563389512649|0.0|PAPNPAPPDPDAPAPPPAPPPAPPPPDP|90537|4|0|4|8|0|0|0|0|0|1225|11|0|0|1|0|0
437.5742267815086|69.11222699411302|0.0|PAPNPAPPDPDAPAPAPAPPPAPPPPDP|134608|12|12|0|12|4|0|0|0|0|1283|11|0|1|1|0|0
201.18602615809908|720.091859312898|0.0|PAPNPAPPPAPPPAPPPAPPPAPPPPDP|138858|4|8|4|4|0|0|0|4|0|1285|7|0|0|0|0|0
256.0587331198022|290.8896611223494|0.0|PAPNPAPPPAPPPAPPPAPPPAPPPPDP|139025|8|21|16|8|0|0|0|4|0|1285|6|0|0|0|0|0
588.9638271170518|295.99999999999994|0.0|PAPNPAPPDPDAPAPPPAPPPAPPPPDP|80914|8|4|4|0|4|0|0|0|0|1321|9|0|0|1|0|0
361.3087015803769|290.65409753488734|0.0|PAPNPAPPPAPPPAPPPAPPPAPPPPDP|140073|12|0|8|8|4|0|0|4|0|1343|4|0|0|0|0|0
217.1167387189635|248.42185078038685|0.0|PAPNPAPPDPDAPAPAPAPPPAPPPPDP|135769|4|12|4|16|0|0|0|0|0|1349|13|0|1|1|0|0
148.81388598646598|487.3829437951899|0.0|PAPNPAPPPAPPPAPPPAPPPAPPPPDP|140514|21|16|4|0|0|0|0|0|0|1355|6|0|0|0|0|0
294.5|205.60726631431237|0.0|PAPNPAPPDPDAPAPAPAPPPAPPPPDP|123999|21|12|21|12|4|0|0|0|0|1387|13|0|1|1|0|0
396.394132447258|89.98714762325687|0.0|PAPNPAPPDPDAPAPPPAPPPAPPPPDP|91168|4|0|0|8|0|0|0|0|0|1427|10|0|0|1|0|0
748.81678404338|259.43773632210997|0.0|PAPNPAPPDPDAPAPPPAPPPAPPPPDP|90537|0|8|4|4|0|0|0|0|0|1435|10|0|0|1|0|0
448.8100798707421|187.60856080830703|0.0|PAPNPAPPDPDAPAPAPAPPPAPPPPDP|137517|16|16|12|0|4|0|0|0|0|1445|12|0|1|1|0|0
1090.59461305858|935.7011255786401|-5.0795922166403535|DAPNPAPPDPDAPAPPPAPPPAPPPPDP|118452|4|0|12|0|0|0|0|0|0|1505|11|0|1|1|0|0
763.6142037621643|354.0|0.0|PAPNPAPPDPDAPAPPPAPPPAPAPAPNPDP|86463|12|16|12|16|4|0|0|4|0|1654|11|0|0|1|0|1
427.5570231268021|354.0|0.0|PAPNPAPPDPDAPAPPPAPPPAPPPPDP|82147|8|4|0|4|8|0|0|0|0|1664|12|0|0|1|0|0
498.8167840433801|151.93274619041398|0.0|PAPNPAPPDPDAPAPPPAPPPNPPPPDP|92261|4|8|4|8|8|0|0|0|0|1739|11|0|1|1|0|0
257.61413717343936|266.63706471222997|0.0|PAPNPAPPPAPPPAPPPAPPPAPPPPDP|149377|16|16|16|16|8|0|0|0|0|1756|7|0|0|0|0|0
296.0|189.4271165031843|0.0|PAPNPAPPDPDAPAPPPAPPPAPPPPDP|83414|4|8|4|8|0|0|0|0|0|1784|9|0|2|1|0|0
532.90721702076|296.0|0.0|PAPNPAPPDPDAPAPPPAPPPAPPDPDP|82095|12|4|16|8|4|0|0|8|0|1800|10|0|1|1|0|0
198.81678404338007|652.5|0.0|PAPNPAPPPAPPPAPPPAPPPAPPPPDP|137714|16|16|8|20|12|0|0|0|0|1802|7|0|0|0|0|0
588.7914310668582|89.04899375441927|0.0|PAPNPAPPDPDAPAPPPAPPPAPPPPDP|92662|12|4|12|4|4|0|0|0|0|1880|10|0|0|1|0|0
431.15908380254564|267.3533805646783|0.0|PAPNPAPPDPDAPAPPPAPPPAPPPPDP|93227|8|8|12|8|4|0|0|0|0|1956|12|0|1|1|0|0
462.9732298964261|121.10449050150285|0.0|PAPNPAPPDPDAPAPAPAPPPAPPPPDP|150950|16|16|8|0|16|0|0|0|0|2165|12|0|1|1|0|0
241.4157081006366|536.950601276999|0.0|PAPNPAPPPAPPPAPPPAPPPAPPPPDP|159814|8|21|20|21|4|0|0|0|0|2167|7|0|0|0|0|0
723.8626750615668|239.82007986138245|0.0|PAPNPAPPDPDAPAPPPAPPPAPPPPDP|93849|16|8|12|18|4|0|0|0|0|2175|12|0|0|1|0|0
107.56702175617521|652.5|0.0|PAPNPAPPPAPPPAPPPAPPPAPPPPDP|147171|20|21|21|20|0|0|0|0|0|2187|6|0|0|0|0|0
141.68330274520417|684.0653555920247|0.0|PAPNPAPPPAPPPAPPPAPPPAPPPPDP|161528|12|4|16|16|12|0|0|4|0|2217|5|0|0|0|0|0
731.5252218124363|98.32362783641169|0.0|PAPNPAPPDPDAPAPPPAPPPAPPPPDP|94128|8|4|8|8|0|0|0|0|0|2223|12|0|0|1|0|0
266.0846640570353|220.53223923915533|0.0|PAPNPAPPDPDAPAPPPAPPPAPPPPDP|95574|8|0|16|8|8|0|0|0|0|2260|13|0|0|1|0|0
1732.2279133507495|801.18321595662|0.0|PAPNPAPPPAPPPAPPPAPPPAPPPPDP|164027|12|16|20|8|4|4|0|0|0|2275|8|0|0|0|0|0
525.04448140721|203.40691963837324|0.0|PAPNPAPPDPDAPAPPPAPPPAPPPPDP|95078|12|8|8|4|4|0|0|0|0|2316|12|0|0|1|0|0
557.0011403564247|430.23878233732023|0.0|PAPNPAPPDPDAPAPPPAPPPAPPPPDP|95281|16|4|16|8|4|0|0|0|0|2353|13|0|0|1|0|0
136.50170855034816|535.7825012000768|0.0|PAPNPAPPPAPPPAPPPAPPPAPPPPDP|167391|21|21|4|20|8|0|0|4|0|2396|6|0|0|0|0|0
122.7270994047451|676.033102464524|0.0|PAPNPAPPPAPPPAPPPAPPPAPPPPDP|168987|21|20|16|20|4|0|0|4|0|2453|6|0|0|0|0|0
733.7858821534927|54.0|0.0|PAPNPAPPDPDAPAPPPAPPPAPPPPDP|84540|12|0|12|8|8|0|0|0|0|2484|14|0|0|1|0|0
1784.5921898379354|817.090279753323|0.0|PAPNPAPPPAPPPAPPPAPPPAPPPPDP|172911|21|12|16|20|0|0|0|4|0|2525|8|0|0|0|0|0
882.2584454137556|227.53544438031616|0.0|PAPNPAPPDPDAPAPPPAPPPAPPPPDP|95438|8|18|16|8|4|0|0|4|0|2536|14|0|0|1|0|0
696.5149282677492|217.8552672948321|0.0|PAPNPAPPDPDAPAPPPAPPPAPPPPDP|96606|8|8|8|8|4|0|0|4|0|2607|12|0|0|1|0|0
454.2590002508328|133.9559201227903|0.0|PAPNPAPPDPDAPAPPPAPPPAPPPPDP|97378|8|4|8|8|4|0|0|0|0|2630|8|0|0|1|0|0
709.7544963810838|133.39702982779272|0.0|PAPNPAPPDPDAPAPPPAPPPAPPPPDP|96867|8|18|18|16|8|0|0|4|0|2642|13|0|0|1|0|0
713.8828820881681|601.1269798685237|-3.359083371933922|DAPNPAPPDPDAPAPPPAPPPAPPPPDP|122416|20|8|16|8|4|0|0|0|0|2648|12|0|1|1|0|0
52.5|673.0977261786114|0.0|PAPNPAPPPAPPPAPPPAPPPAPPPPDP|160886|12|8|16|21|12|0|0|0|0|2671|6|0|0|0|0|0
408.16372872104847|283.38597738707773|0.0|PAPNPAPPDPDAPAPPPAPPPAPPPPDP|98422|16|18|16|4|0|0|0|4|0|2718|10|0|1|1|0|0
658.4652448105912|237.69448562090045|0.0|PAPNPAPPDPDAPAPPPAPPPAPPPPDP|97711|4|0|12|8|4|0|0|0|0|2746|9|0|0|1|0|0
761.1262068941601|931.282791756953|-14.642130356922483|DAPNPAPPDPDAPAPPPAPPPAPPPPDP|121948|16|21|8|16|0|0|0|0|0|2770|12|0|1|1|0|0
575.812252427259|201.18321595661993|0.0|PAPNPAPPDPDAPAPPPAPPPAPPPPDP|98509|18|18|8|18|0|0|0|0|0|2833|9|0|0|1|0|0
705.3698076508925|266.1889102748814|0.0|PAPNPAPPDPDAPAPPPAPPPAPPPPDP|98445|16|4|18|12|0|0|0|4|0|2873|9|0|1|1|0|0
586.9416970981064|269.3251743844848|0.0|PAPNPAPPDPDAPAPPPAPPPAPPPPDP|98905|12|16|18|12|4|0|0|0|0|2877|10|0|1|1|0|0
201.18321595661993|55.5|0.0|PAPNPAPPDPDAPAPAPAPPPAPPPPDP|155861|20|20|20|12|4|0|0|8|0|2919|12|0|1|1|0|0
794.015898751935|617.9051442274873|2.612727791987107|DAPNPAPPDPDAPAPPPAPPPAPPPPDP|144874|20|21|21|21|4|0|0|0|0|4898|12|0|1|1|0|0
424.25144771602186|82.43537852902143|0.0|PAPNPAPPDPDAPAPPPAPPPAPPPPDP|124442|8|18|8|16|8|0|0|0|0|4925|9|0|0|1|0|0
662.555033324111|354.00000000000006|0.0|PAPNPAPPDPDAPAPPPAPPPAPPPPDP|87881|18|8|18|18|8|0|0|4|0|4957|11|0|0|1|0|0
233.0846603639187|210.00187738325832|0.0|PAPNPAPPDPDAPAPAPAPPPAPPPPDP|244985|21|21|21|21|12|0|0|4|0|5028|12|0|1|1|0|0
485.1100591948109|104.68228509312405|0.0|PAPNPAPPDPDAPAPPPAPPPAPPPPDP|126345|8|18|16|12|4|0|0|4|0|5126|10|0|1|1|0|0
241.71125336116847|205.5|0.0|PAPNPAPPDPDAPAPAPAPPPAPPPPDP|221685|21|21|21|21|4|0|0|0|0|5284|12|0|1|1|0|0
202.5|430.3305252659974|0.0|PAPNPAPPPAPPPAPPPAPPPAPPPPDP|125599|21|15|21|9|2|0|0|10|0|5316|5|1|0|0|0|0
1108.5407234147312|694.8949860376488|-0.3650496825785133|DAPNPAPPDPDAPAPPPAPPPAPPPPDP|145706|12|20|20|21|16|0|0|16|0|5335|12|0|1|1|0|0
113.54483173881803|729.823181273407|0.0|PAPNPAPPPAPPPAPPPAPPPAPPPPDP|125960|21|21|21|5|2|0|0|2|0|5355|6|1|0|0|0|0
878.1925444804813|200.51470861929016|-3.065543952680308|DAPNPAPPDPDAPAPPPAPPPAPPPPDP|147380|21|21|21|12|4|0|0|4|0|5541|13|0|1|1|0|0
136.16694745125548|52.5|0.0|PAPNPAPPPAPPPAPPPAPPPAPPPPDP|244985|21|21|21|21|16|0|0|12|0|5665|5|0|0|0|0|0
589.7241964975667|354.00000000000006|0.0|PAPNPAPPDPDAPAPPPAPPPAPPPPDP|124332|18|16|18|18|16|4|0|0|0|5697|9|0|1|1|0|0
661.6452847436263|917.9118214365391|-0.25919880456444405|DAPNPAPPDPDAPAPPPAPPPAPPPPDP|153359|20|21|20|21|0|0|0|0|0|5807|12|0|1|1|0|0
435.4719100152555|115.5103921842183|0.0|PAPNPAPPDPDAPAPAPAPPPAPPPPDP|244984|21|21|21|21|20|0|0|0|0|6140|11|0|1|1|0|0
680.5663807208592|354.0|0.0|PAPNPAPPDPDAPAPPPAPPPAPPPPDP|128515|18|18|18|18|12|0|0|8|0|6243|11|0|0|1|0|0
738.301030678883|228.74146276018044|0.0|PAPNPAPPDPDAPAPPPAPPPAPPPPDP|139662|16|18|18|18|4|0|4|0|0|6255|10|0|0|1|0|0
52.5|552.5|0.0|PAPNPAPPPAPPPAPPPAPPPAPPPPDP|124372|21|15|20|0|2|0|0|2|0|6302|6|1|0|0|0|0
910.5054902397156|489.22056514340073|5.724695032279087|DAPNPAPPDPDAPAPPPAPPPAPPPPDP|159432|21|21|21|16|8|0|0|0|0|6447|12|0|1|1|0|0
477.56656433429623|212.71261039771397|0.0|PAPNPAPPDPDAPAPPPAPPPAPPPPDP|144558|18|18|16|16|4|0|0|0|0|6583|11|0|0|1|0|0
498.8167840433801|120.90927596022142|0.0|PAPNPAPPDPDAPAPPPAPPPAPPPPDP|144600|18|18|18|12|20|0|0|0|0|6590|10|0|0|1|0|0
412.0247116361752|55.13981967799838|0.0|PAPNPAPPDPDAPAPPPAPPPAPPPPDP|145884|18|18|18|18|12|0|0|0|0|6652|10|0|0|1|0|0
420.14287031306264|55.5|0.0|PAPNPAPPDPDAPAPAPAPPPAPPPPDP|151673|21|21|21|8|1|0|0|8|0|6658|12|1|1|1|0|0
501.2423493152522|135.7253424784758|0.0|PAPNPAPPDPDAPAPPPAPPPAPPPPDP|145795|8|18|18|18|12|4|0|12|0|6663|11|0|0|1|0|0
692.2528674929371|236.58271229293166|0.0|PAPNPAPPDPDAPAPPPAPPPAPPPPDP|145724|12|18|18|18|8|0|0|4|0|6698|13|0|0|1|0|0
583.8405916182685|205.73899563422952|0.0|PAPNPAPPDPDAPAPPPAPPPAPPPPDP|146349|18|18|18|18|20|0|0|0|0|6697|10|0|0|1|0|0
545.6710744558986|261.91971870812307|0.0|PAPNPAPPDPDAPAPPPAPPPAPPPPDP|147072|18|18|18|18|4|0|0|0|0|6732|10|0|1|1|0|0
596.0|222.29735741763088|0.0|PAPNPAPPDPDAPAPPPAPPPAPPPPDP|105980|16|18|18|18|4|0|0|0|0|6740|10|0|1|1|0|0
385.5152096835371|105.69821160796866|0.0|PAPNPAPPDPDAPAPPPAPPPAPPPPDP|147554|18|18|18|18|8|0|0|4|0|6740|11|0|1|1|0|0
422.8874419570424|212.630166420314|0.0|PAPNPANPDPDAPAPPPAPPPAPPPPDP|109295|9|18|18|11|3|0|0|5|0|6742|10|0|1|1|0|0
660.8318560053175|205.85141589882804|0.0|PANNPAPPDPDAPAPPPAPPPAPPPPDP|107972|18|18|18|18|5|0|0|0|0|6743|13|0|1|1|0|0
596.0|225.8283778315321|0.0|PAPAPAPPDPDAPAPPPAPPPAPPPPDP|106438|18|18|18|8|0|0|0|4|0|6769|12|0|2|1|0|0
693.8711516167272|145.35185798488016|0.0|PAPNPAPPDPDAPAPPPAPPPAPPPPDP|147737|18|18|18|18|8|4|0|4|0|6801|12|0|0|1|0|0
538.3031419050377|112.90264814700362|0.0|PAPNPAPPDPDAPAPPPAPPPAPPPPDP|150546|18|16|8|18|16|0|0|4|0|6937|11|0|0|1|0|0
354.0|257.4443113408934|0.0|PAPNPAPPDPDAPAPPPAPPPAPPPPDP|129775|16|18|8|16|0|0|0|4|0|6970|9|0|2|1|0|0
448.8167840433801|67.96227428362889|0.0|PAPNPAPPDPDAPAPPPAPPPAPPPPDP|152372|12|18|18|18|8|0|0|0|0|7046|8|0|0|1|0|0
736.5068593704079|221.01446977813984|0.0|PAPNPAPPDPDAPAPPPAPPPAPPPPDP|152286|18|18|18|18|4|0|0|0|0|7083|15|0|0|1|0|0
733.9109073419905|103.85266941267157|0.0|PAPNPAPPDPDAPAPPPAPPPAPPPPDP|153332|18|18|18|18|20|0|0|0|0|7145|14|0|0|1|0|0
389.11374180984626|280.9768532059316|0.0|PAPNPAPPDPDAPAPPPAPPPAPPPPDP|154696|18|16|12|16|4|0|0|12|0|7175|12|0|1|1|0|0
456.0610654424458|204.0|0.0|PAPNPAPPDPDAPAPPPAPPPAPPPPDP|142269|18|8|18|18|4|0|0|4|0|7172|10|0|0|1|0|0
414.3323993963511|354.0|0.0|PAPNPAPPDPDAPAPPPAPPPAPPPPDP|143218|18|18|18|12|20|0|0|0|0|7188|11|0|0|1|0|0
355.5|95.61480177488212|0.0|PAPNPAPPDPDAPAPAPAPPPAPPPPDP|128225|21|21|18|8|5|0|0|16|0|7254|12|1|1|1|0|0
1216.3142820565545|96.12799312672284|-1.5570571421310306|DAPNPAPPDPDAPAPPPAPPPAPPPPDP|169734|21|21|20|21|20|0|0|0|0|7262|12|0|1|1|0|0
1770.0751447908642|998.6895234100288|0.0|PAPNPAPPPAPPPAPPPAPPPAPPPPDP|244974|21|21|21|21|16|4|4|4|0|7334|6|0|0|0|0|0
409.51945985762814|124.0103397476419|0.0|PAPNPAPPDPDAPAPAPAPPPAPPPPDP|172985|21|21|21|21|17|0|4|0|0|7353|10|1|1|1|0|0
474.1763923198782|296.0|0.0|PAPNPAPPDPDAPAPPPAPPPAPPPPDP|145636|18|18|18|18|16|0|0|0|0|7361|10|0|2|1|0|0
67.54776568360019|669.8030162027028|0.0|PAPNPAPPPAPPPAPPPAPPPAPPPPDP|244985|21|21|21|21|8|0|0|4|0|7364|6|0|0|0|0|0
520.6264923190109|222.4543726524732|0.0|PAPNPAPPDPDAPAPPPAPPPAPPPPDP|158629|18|18|18|18|8|0|0|12|0|7401|9|0|0|1|0|0
259.7934667003184|144.5|0.0|PAPNPAPPDPDAPAPAPAPPPAPPPPDP|184140|21|21|21|21|17|0|0|12|0|7405|12|1|1|1|0|0
247.42029882957667|655.0588664268764|0.0|PAPNPAPPPAPPPAPPPAPPPAPPPPDP|175451|21|21|21|21|2|0|0|6|0|7425|5|1|0|0|0|0
202.5|680.6591933000831|0.0|PAPNPAPPPAPPPAPPPAPPPAPPPPDP|244985|21|21|21|21|12|0|0|0|0|7433|6|0|0|0|0|0
147.5|352.5|0.0|PAPNPAPPPAPPPAPPPAPPPAPPPPDP|244985|21|21|21|21|16|0|0|0|0|7493|5|0|0|0|0|0
277.71388998560866|93.35594156022427|0.0|PAPNPAPPDPDAPAPPPAPPPAPPPPDP|162043|18|18|18|12|4|0|0|0|0|7532|11|0|0|1|0|0
511.1254106248993|295.90431875716064|0.0|PAPNPAPPDPDAPAPPPAPPPAPPPPDP|162058|18|18|18|18|4|0|0|12|0|7535|12|0|0|1|0|0
405.433444790206|209.6832085105616|0.0|PAPNPAPPDPDAPAPPPAPPPAPPPPDP|72318|17|12|18|0|1|0|0|8|0|7544|10|1|0|1|0|0
357.3339527029932|230.15144298072767|0.0|PAPNPAPPDPDAPAPAPAPPPAPPPPDP|244984|21|21|21|21|4|0|0|4|0|7568|13|0|1|1|0|0
221.16253029831475|674.7517969489143|0.0|PAPNPAPPPAPPPAPPPAPPPAPPPPDP|244984|21|21|21|21|28|0|0|0|0|7669|6|0|0|0|0|0
804.0|268.2915474562201|0.0|PAPNPAPPDPDAPAPPPAPPPAPPPPDP|151950|18|18|18|18|16|0|0|8|0|7833|12|0|0|1|0|0
114.71955110918108|362.3351635392633|0.0|PAPNPAPPPAPPPAPPPAPPPAPPPPDP|244985|21|21|21|21|12|0|0|4|0|7888|5|0|0|0|0|0
691.083890035446|204.0|0.0|PAPNPAPPDPDAPAPPPAPPPAPPPPDP|154284|18|16|18|18|20|4|0|8|0|7898|13|0|0|1|0|0
204.0|679.4368938432233|0.0|PAPNPAPPPAPANPDPAPPPAPPPAPPPPDP|240068|21|21|21|21|8|0|0|8|0|7942|5|0|0|0|0|1
571.6450518975577|129.0642074993085|0.0|PAPNPAPPDPDAPAPPPAPPPAPPPPDP|80457|17|18|15|0|5|0|0|8|0|7944|9|1|1|1|0|0
257.69509278274023|389.34755578292766|0.0|PAPNPAPPPAPPPAPPPAPPPAPPPPDP|134989|21|19|21|5|2|0|0|10|0|8051|6|1|0|0|0|0
112.47912253102683|686.4955792568028|0.0|PAPNPAPPPAPPPAPPPAPPPAPPPPDP|165192|21|21|21|21|6|0|0|6|0|8060|6|1|0|0|0|0
426.22654347284555|248.58700450928404|0.0|PAPNPAPPDPDAPAPPPAPPPAPPPPDP|173997|18|18|18|18|16|0|0|0|0|8112|11|0|0|1|0|0
391.05425997445803|113.2534821914235|0.0|PAPNPAPPDPDAPAPPPAPPPAPPPPDP|175459|18|18|18|18|8|0|0|0|0|8154|11|0|0|1|0|0
448.8167840433801|252.01123693452894|0.0|PAPNPAPPDPDAPAPPPAPPPAPPPPDP|176276|18|18|18|18|20|0|0|0|0|8187|9|0|0|1|0|0
596.0|429.45640448403526|0.0|PAPNPAPPDPDAPAPPPAPPPAPPPPDP|161600|18|18|18|18|12|0|0|8|0|8214|11|0|0|1|0|0
354.0|204.0|0.0|PAPNPAPPDPDAPAPPPAPPPAPPPPDP|149686|18|12|18|18|8|0|0|8|0|8229|13|0|0|1|0|0
504.0|393.1166177106064|0.0|PAPNPAPPDPDAPAPPPAPPPAPPPPDP|132106|18|18|18|18|24|0|0|0|0|8334|13|0|0|1|0|0
723.882858738135|109.39794807640212|0.0|PAPNPAPPDPDAPAPPPAPPPAPPPPDP|179883|18|18|18|18|4|0|0|16|0|8471|13|0|0|1|0|0
237.05761159285848|447.5|0.0|PAPNPAPPPAPPPAPPPAPPPAPPPPDP|143328|21|21|21|13|14|0|0|6|0|8479|5|1|0|0|0|0
296.0|118.5025431859428|0.0|PAPNPAPPDPDAPAPPPAPPPAPPPPDP|153698|18|16|16|18|8|0|0|4|0|8504|10|0|0|1|0|0
367.63759949235583|54.0|0.0|PAPNPAPPDPDAPAPPPAPPPAPPPPDP|169267|18|18|18|16|8|0|0|0|0|8507|10|0|0|1|0|0
398.8188800100313|229.4390308673189|0.0|PAPNPAPPDPDAPAPPPAPPPAPPPPDP|179966|18|16|18|18|4|0|0|0|0|8525|8|0|0|1|0|0
504.0|375.0929809753473|0.0|PAPNPAPPDPDAPAPPPAPPPAPPPPDP|135807|18|18|18|18|16|0|0|0|0|8564|11|0|1|1|0|0
260.0260383925629|729.1565765773611|0.0|PAPNPAPPPAPPPAPPPAPPPAPPPPDP|244984|21|21|21|21|24|0|0|0|0|8777|7|0|0|0|0|0
376.9606528058971|354.0|0.0|PAPNPAPPDPDAPAPPPAPPPAPPPPDP|175106|18|18|18|16|8|0|0|0|0|8776|12|0|0|1|0|0
451.24530072531815|119.02738907925374|0.0|PAPNPAPPDPDPAPAAAPAPAPPPAPPPPDP|214844|21|21|21|20|0|0|0|4|0|8813|13|0|1|1|0|1
487.4334889995453|205.5|0.0|PAPNPAPPDPDAPAPAPAPPPAPPPPDP|219073|21|21|21|21|28|0|0|24|0|8842|11|1|1|1|0|0
355.5|63.8801788447851|0.0|PAPNPAPPDPDAPAPAPAPPPAPPPPDP|244984|21|21|21|21|16|0|0|0|0|11489|11|0|1|1|0|0
273.051492516787|251.18321595661993|0.0|PAPNPAPPPAPPPAPPPAPPPAPPPPDP|234418|21|21|21|20|16|0|0|16|0|11566|5|2|0|0|0|0
398.8167840433801|207.22059228775692|0.0|PAPNPAPPDPDAPAPPPAPPPAPPPPDP|90705|18|12|18|0|1|0|0|4|0|11614|12|1|0|1|0|0
1590.4893171889398|296.28981376798566|-4.875851384877845|DAPNPAPPDPDAPAPPPAPPPAPPPPDP|203415|21|21|21|21|16|0|0|0|0|11622|11|0|1|1|0|0
551.18321595662|101.86951802341146|0.0|PAPNPAPPDPDAPAPPPAPPPAPPPPDP|179944|18|18|18|18|8|0|0|4|0|11934|10|0|0|1|0|0
119.66801433503473|652.5|0.0|PAPNPAPPPAPPPAPPPAPPPAPPPPDP|244985|21|21|21|21|6|0|0|14|0|12310|6|1|0|0|0|0
654.0|128.05573360716954|0.0|PAPNPAPPDPDAPAPPPAPPPAPPPPDP|179903|18|18|18|18|20|0|0|0|0|12349|10|0|0|1|0|0
664.270151087344|89.56720286209224|0.0|PAPNPAPPDPDAPAPPPAPPPAPPPPDP|179922|18|18|18|18|8|0|0|0|0|12360|14|0|0|1|0|0
396.0|84.27564324899384|0.0|PAPNPAPPDPDAPAPPPAPPPAPPPPDP|179973|18|18|18|18|12|0|0|8|0|12359|10|0|0|1|0|0
560.0288575742096|215.59986864404615|0.0|PAPNPAPPDPDAPAPPPAPAPAPPPPDP|168091|21|21|21|21|13|0|0|12|0|12379|9|1|1|1|0|0
552.5|218.60395407940965|0.0|PAPDAPNPAPPDPDAPAPPPAPPPAPPPPDP|72894|0|0|0|0|0|0|0|0|0|12390|7|0|0|1|0|1
252.5|552.5|0.0|PAPNPAPPPAPPPAPPPAPPPAPPPPDP|244984|21|21|21|21|6|0|0|14|0|12488|6|1|0|0|0|0
64.0710078714|588.9331305613333|0.0|PAPNPAPPPAPPPAPPPAPPPAPPPPDP|244985|21|21|21|21|6|0|0|6|0|12596|5|1|0|0|0|0
296.0|254.0|0.0|PAPNPAPPDPDAPAPPPAPPPAPPPPDP|179980|18|18|18|18|4|0|0|4|0|12711|9|0|0|1|0|0
1760.4621584704864|865.5497977026058|0.0|PAPNPAPPPAPPPAPPPAPPPAPPPPDP|244974|21|21|21|21|4|0|0|0|0|12722|7|2|0|0|0|0
396.0|58.09860632730496|0.0|PAPNPAPPDPDAPAPPPAPPPAAPPPDP|102892|18|11|18|9|3|0|0|8|0|12739|10|1|1|1|0|0
978.0207740638484|373.82756782332143|7.941610845619599|DAPNPAPPDPDAPAPPPAPPPAPPPPDP|214556|21|21|21|21|16|0|0|4|0|12723|11|0|1|1|0|0
393.01168298115897|135.72427453340734|0.0|PAPNPAPPDPDAPAPAPAPPPAPPPPDP|244983|21|21|21|21|13|0|0|28|0|12781|12|1|1|1|0|0
73.86885973717777|654.7440366252076|0.0|PAPNPAPPPAPPPAPPPAPPPAPPPPDP|244985|21|21|21|21|28|0|0|0|0|12930|7|0|0|0|0|0
59.74380830191953|352.5|0.0|PAPNPAPPPAPPPAPPPAPPPAPPPPDP|145954|21|21|21|5|2|0|0|6|0|12951|4|1|0|0|0|0
654.0|135.42611355986756|0.0|PAPNPAPPDPDAPAPPPAPPPAPPPPDP|127033|18|18|18|18|5|0|4|4|0|13985|11|1|0|1|0|0
292.4290182073748|375.79462896170793|0.0|PAPNPAPPPAPPPAPPPAPPPAPPPPDP|172418|21|21|21|21|8|0|0|8|0|14094|6|2|0|0|0|0
575.6359888323269|258.72627732059277|0.0|PAPNPAPPDPDAPAPPPAPPPAPPPPDP|91146|18|16|18|8|1|0|0|12|0|14227|12|1|0|1|0|0
396.0|296.0|0.0|PAPNPAPPDPDAPAPPPAPPPAPPPPDP|179980|18|18|18|18|4|0|0|8|0|14234|12|0|0|1|0|0
396.0|296.0|0.0|PAPNPAPPDPDAPAPPPAPPPAPPPPDP|179979|18|18|18|18|12|0|0|4|0|14257|12|0|1|1|0|0
296.0|254.0|0.0|PAPNPAPPDPDAPAPPPAPPPAPPPPDP|91073|17|16|18|0|1|0|0|4|0|14326|9|1|0|1|0|0
556.9636007286695|116.32841808183876|0.0|PAPNPAPPDPDAPAPPPAPPPAPPPPDP|98791|18|18|18|18|13|0|0|0|0|14537|9|1|0|1|0|0
1021.5867980918258|13.169615579706468|-20.16362314744789|DAPNPAPPDPDAPAPPPAPPPAPPPPDP|127893|21|21|21|20|0|0|0|5|0|14562|11|1|1|1|0|0
573.7072078805096|296.0|0.0|PAPNPAPPDPDAPAPPPAPPPAPPPPDP|147031|18|18|18|18|24|0|0|4|0|14649|10|1|0|1|0|0
52.5|559.6166354221559|0.0|PAPNPAPPPAPPPAPPPAPPPAPPPPDP|244985|21|21|21|21|16|0|0|0|0|14697|5|2|0|0|0|0
513.5752964134289|269.3301354285152|0.0|PAPNPAPPDPDAPAPPPAPPPAPPPPDP|179953|18|18|18|18|12|12|0|24|0|15981|8|0|0|1|0|0
1740.5250866679146|897.5|0.0|PAPNPAPPPAPPPAPPPAPPPAPPPPDP|139828|21|21|21|9|4|4|0|8|0|16010|7|2|0|0|0|0
354.0|142.43308785274212|0.0|PAPNPAPPDPDAPAPPPAPPPAPPPPDP|179982|18|18|18|18|24|0|4|0|0|16148|8|0|0|1|0|0
504.0|367.14324712730973|0.0|PAPNPAPPDPDAPAPPPAPPPAPPPPDP|149917|18|18|18|18|20|0|0|8|0|16411|11|0|0|1|0|0
354.0|272.79118201535545|0.0|PAPNPAPPDPDAPAPPPAPPPAPPPPDP|128777|18|18|18|18|9|0|0|0|0|16446|12|1|0|1|0|0
913.8590716142313|484.8239676165915|2.682639837248707|DAPNPAPPDPDAPAPPPAPPPAPPPPDP|123504|21|21|21|20|24|0|0|1|0|16539|11|1|1|1|0|0
396.0|362.83925607376233|0.0|PAPNPAPPDPDAPAPPPAPPPAPPPPDP|179981|18|18|18|18|8|0|0|12|0|16610|12|0|0|1|0|0
1029.733055254415|100.99546273942052|-0.014508034143727977|DAPNPAPPDPDAPAPPPAPPPAPPPPDP|196093|21|21|21|21|28|0|0|28|0|16569|11|2|1|1|0|0
1165.4855200664936|939.520483013048|-3.7089125498075206|DAPNPAPPDPDAPAPPPAPPPAPPPPDP|176301|21|21|21|21|12|0|0|1|0|16879|12|1|1|1|0|0
750.5458431879272|225.19892687822738|1.2338937462539288|DAPNPAPPDPDAPAPPPAPPPAPPPPDP|129330|21|21|21|21|4|0|0|5|0|17054|12|1|1|1|0|0
743.4734925961561|89.53388656577513|5.149517194895671|DAPNPAPPDPDAPAPPPAPPPAPPPPDP|122920|21|21|21|21|24|0|0|1|0|17477|11|1|1|1|0|0
556.8783284286233|254.00000000000006|0.0|PAPNPAPPDPDAPAPPANNAAPPPAPPPPDP|179925|18|18|18|18|24|0|0|16|0|17654|9|0|0|1|0|1
129.45798088101026|120.8309876093625|0.0|PAPNPAPPPAPPPAPPPAPPPAPPPPDP|171566|21|21|21|21|10|0|0|6|0|17778|4|3|0|0|0|0
510.85091708693625|254.00000000000003|0.0|PAPNPAPPDPDAPAPPPAPPPAPPPPDP|121474|18|16|18|18|8|0|0|16|0|17817|9|1|0|1|0|0
202.5|668.407966476845|0.0|PAPNPAPPPAPPPAPPPAPPPAPPPPDP|129547|20|19|21|17|6|0|0|2|0|17854|5|3|0|0|0|0
554.0|117.54555872497187|0.0|PAPNPAPPDPDAPAPPPAPPPAPPPPDP|110963|18|18|18|16|5|4|0|0|0|17913|10|1|0|1|0|0
384.7250017720476|384.3359557993445|0.0|PAPNPAPPDPDAPAPNPAPPPAPPPPDP|125524|21|15|18|12|6|0|0|16|0|18430|12|2|2|1|0|0
252.7928614961519|352.5|0.0|PAPNPAPPPAPPPAPPPAPPPAPPPPDP|175427|21|21|21|21|14|0|0|14|0|18441|4|3|0|0|0|0
147.5|390.5706582983374|0.0|PAPNPAPPPAPPPAPPPAPPPAPPPPDP|240604|21|21|21|21|4|0|4|12|0|18478|4|2|0|0|0|0
670.5409851024116|277.79067673359674|0.0|PAPNPAPPDPDAPAPPPAPPPAPPPPDP|171679|18|18|18|18|9|0|0|8|0|18513|9|1|1|1|0|0
396.0|296.0|0.0|PAPNPAPPDPDAPAPPPAPPPAPPPPDP|179978|18|18|18|18|24|0|0|0|0|18772|10|0|0|1|0|0
676.6161330725199|354.00000000000006|0.0|PAPNPAPPDPDAPAPPPAPPPAPPPPDP|118677|18|18|18|12|13|0|0|12|0|19143|10|2|0|1|0|0
851.0122444442329|1064.0020939299286|1.6842737072706004|DAPNPAPPDPDAPAPPPAPPPAPPPPDP|242643|21|21|21|21|24|0|0|0|0|19246|10|0|1|1|0|0
1178.4425246339108|933.6550914534827|8.845154509311127|DAPNPAPPDPDAPAPPPAPPPAPPPPDP|242089|21|21|21|21|28|0|0|4|70|19675|11|0|1|1|0|0
81.62109272371816|663.9970631467299|0.0|PAPNPAPPPAPPPAPPPDPPPAPPPPDP|244984|21|21|21|21|28|0|0|12|0|19801|5|0|1|0|0|0
352.5|703.826869205159|0.0|PAPNPAPPPAPPPAPPPAPPPAPPPPDP|244982|21|21|21|21|4|0|0|28|0|20106|5|2|0|0|0|0
596.0|128.40753117647017|0.0|PAPNPAPPDPDAPAPPPAPPPAPPPNDP|179928|18|18|18|18|24|0|0|4|0|20172|9|0|1|1|0|0
1113.6970083547928|385.98566202931|17.9653550587492|DAPNPAPPDPDAPAPPPAPPPAPPPPDP|143835|21|21|21|21|24|0|0|2|0|20173|11|2|1|1|0|0
579.6852198142625|277.64178395655125|0.0|PAPNPAPPDPDAPAPPPAPPPAPPPPDP|179954|18|18|18|18|5|0|0|12|0|20535|11|1|0|1|0|0
1763.7653668288865|897.5|0.0|PAPNPAPPPAPPPAPPPAPPPAPPPPDP|244972|21|21|21|21|16|4|4|16|0|20901|6|2|0|0|0|0
1165.3088562912264|208.50091106837795|-7.190862659652279|DAPNPAPPDPDAPAPPPAPPPAPPPPDP|119016|20|19|17|8|0|0|0|9|0|20895|11|1|1|1|0|0
540.7706359213885|295.99999999999994|0.0|PAPNPAPPDPDAPAPPPAPPPAPPPPDP|97282|18|18|18|8|17|0|0|0|0|21369|11|1|0|1|0|0
496.9289901382344|306.7695646433915|5.626957088335363|DAPNPAPPDPDAPAPPPAPPPAPPPPDP|244083|21|21|21|21|20|0|0|5|0|21443|11|1|1|1|0|0
382.43653238728336|254.0|0.0|PAPNPAPPDPDAPAPPPAPPPAPPPPDP|91355|18|12|18|0|1|0|0|8|0|21721|8|1|0|1|0|0
134.89528517704213|352.5|0.0|PAPNPAPPPAPPPAPPPAPPNAPPPPDP|244984|21|21|21|21|28|4|0|16|0|22234|6|0|1|0|0|0
146.40192378864668|396.4019237886467|0.0|PAPNPAPPPAPPPAPPANDAAPPPAPPPPDP|244984|21|21|21|21|28|0|4|16|0|22245|4|0|0|0|0|1
508.4874533812593|254.00000000000003|0.0|PAPNPAPPDPDAPAPPPAPPPAPPPPDP|118077|18|18|18|18|11|0|0|24|0|22270|9|3|1|1|0|0
554.0|106.42157733474173|0.0|PAPNPAPPDPDAPAPPPAPPPAPPPPDP|147891|18|18|18|18|14|0|0|8|0|22299|12|2|0|1|0|0
396.0|354.0|0.0|PAPNPAPPDPDAPAPPPAPPPAPPPPDP|116106|18|18|18|8|5|0|0|4|0|22305|13|1|0|1|0|0
573.9940685119442|265.1175292268752|0.0|PAPNPAPPDPDAPAPPPAPPPAPPPPDP|107655|18|18|18|18|1|0|0|12|0|22354|10|1|0|1|0|0
202.5|708.7476419655922|0.0|PAPNPAPPPAPPPAPPPAPPPAPPPPDP|134304|21|19|21|21|10|0|0|6|0|22473|5|3|0|0|0|0
596.0|255.87274782830548|0.0|PAPNPAPPDPDAPAPPPAPPPAPPPPDP|179935|18|18|18|18|24|0|0|0|0|22517|11|0|0|1|0|0
386.0758380134683|109.6700998651975|0.0|PAPNPAPPAPDAPAPPPAPPPAPPPPDP|244982|21|21|21|21|28|0|0|16|0|22787|9|0|2|1|0|0
354.4427876426436|118.45617425289583|0.0|PAPNPAPPDPDAPAPPPAPPPAPPPPDP|179975|18|18|18|16|17|0|0|4|0|22981|10|1|0|1|0|0
291.10027039229726|77.69794104509795|0.0|PAPNPAPPDPDAPAPPPAPPPAPPPPDP|179982|18|18|18|18|12|0|0|8|0|23144|12|0|1|1|0|0
566.5212638090607|295.99999999999994|0.0|PAPNPAPPDPDAPAPPPAPPPAPPPPDP|169719|18|18|18|18|1|0|0|8|0|23416|10|1|0|1|0|0
391.5504353373958|127.41445974741858|0.0|PAPNPAPPDPDAPAPPPAPPPAPPPPDP|98343|18|18|18|12|6|0|0|0|0|23783|10|2|0|1|0|0
567.6926287094873|354.00000000000006|0.0|PAPNPAPPDPDAPAPPPAPPPAPPPPDP|130143|18|18|18|18|17|0|0|4|0|23785|12|1|0|1|0|0
446.0|369.4195467196896|0.0|PAPNPAPPDPDAPAPPPAPPPAPPPPDP|161099|18|18|18|18|5|0|4|12|0|23936|12|1|0|1|0|0
663.7274566178892|54.00000000000005|0.0|PAPNPAPPDPDAPAPPPAPPPAPPPPDP|132074|18|18|18|18|18|0|0|12|0|24070|13|2|0|1|0|0
374.63385999562826|54.02844768786904|0.0|PAPNPAPPDPDAPAPPPAPPPAPPPPDP|179974|18|18|18|18|13|0|0|4|0|24088|9|1|0|1|0|0
1797.5|897.5|0.0|PAPNPAPPPAPPPAPPPAPPPAPPPPDP|217319|21|21|21|21|6|0|0|28|0|24614|6|3|0|0|0|0
294.5|134.29345099867916|0.0|PAPNPAPPDPDAPAPAPAPPPAPPPPDP|161869|21|18|21|21|3|0|0|4|0|26832|11|3|1|1|0|0
252.5|377.41616022679943|0.0|PAPNPAPPPAPPPAPPPAPPPAPPPPDP|244983|21|21|21|21|12|4|0|4|0|27185|5|4|0|0|0|0
354.0|105.42026430828348|0.0|PAPNPAPPDPDAPAPPPAPPPAPPPPDP|90020|17|12|15|0|5|0|0|0|0|27444|9|1|0|1|0|0
543.7556694319951|279.4173676567014|0.0|PAPNPAPPDPDAPAPPPAPPPAPPPPDP|114825|18|18|18|18|3|0|0|8|0|27593|8|3|0|1|0|0
257.6791717982948|652.5806035572635|0.0|PAPNPAPPPAPPPAPPPAPPPAPPPPDP|223866|21|21|21|21|8|0|0|20|0|27719|4|4|0|0|0|0
557.0352457650632|254.0|0.0|PAPNPAPPDPDAPAPPPAPPPAPPPPDP|169048|18|18|18|18|5|0|0|8|0|28032|10|1|0|1|0|0
52.5|597.5|0.0|PAPNPAPPPAPPPAPPPAPPPAPPPPDP|215917|21|21|21|21|2|0|0|22|0|28684|4|5|0|0|0|0
713.6181553617209|265.2155899708861|0.0|PAPNPAPPDPDAPAPPPAPPPAPPPPDP|133967|18|18|18|18|17|0|0|16|0|28982|11|3|0|1|0|0
147.5|397.48748333557114|0.0|PAPNPAPPPAPPPAPPPAPPPAPPPPDP|244983|21|21|21|21|16|0|4|16|0|30127|5|4|0|0|0|0
861.1157689463251|969.4838718855286|-14.921327331529733|DAPNPAPPDPDAPAPPPAPPPAPPPPDP|153260|21|21|21|21|28|0|0|17|0|30154|11|2|1|1|0|0
1768.0704598649459|997.5|0.0|PAPNPAPPPAPPPAPPPAPPPAPPPPDP|129325|21|21|20|9|0|0|0|26|0|30265|5|6|0|0|0|0
396.0|128.6475305583606|0.0|PAPNPAPPDPDAPAPPPAPPPAPPPPDP|141392|18|18|18|18|17|0|0|0|0|30509|11|1|0|1|0|0
446.0|396.0|0.0|PAPNPAPPDPDAPAPPPAPPPAPPPPDP|128721|18|18|18|18|24|0|0|12|0|30733|12|2|0|1|0|0
269.14199545921576|252.5|0.0|PAPNPAPPPAPPPAPPPAPPPAPPPPDP|99552|20|15|20|1|2|4|0|10|0|30766|3|7|0|0|0|0
147.5|713.5503901393245|0.0|PAPNPAPPPAPPPAPPPAPPPAPPPPDP|160383|21|21|21|5|2|0|0|28|0|31072|4|5|0|0|0|0
515.2103791247667|261.5694350218822|0.0|PAPNPAPPDPDAPAPPPAPPPAPPPPDP|90650|17|16|15|0|3|0|0|20|0|31297|10|3|0|1|0|0
554.0|126.14259084075876|0.0|PAPNPAPPDPDAPAPPPAPPPAPPPPDP|123287|18|18|18|18|17|0|0|0|0|31423|9|2|0|1|0|0
96.56916518311388|397.5|0.0|PAPNPAPPPAPPPAPPPAPPPAPPPPDP|244983|21|21|21|21|12|0|4|16|0|31452|3|4|0|0|0|0
1233.5358818273542|976.6425220234606|0.43001119247130415|DAPNPAPPDPDAPAPPPAPPPAPPPPDP|112309|21|21|21|20|20|0|0|9|0|31774|10|5|1|1|0|0
554.0|69.58294119249695|0.0|PAPNPAPPDPDAPAPPPAPPPAPPPPDP|104601|17|18|18|8|3|4|0|0|0|31883|11|3|0|1|0|0
294.5|130.01226394512844|0.0|PAPNPAPPDPDAPAPAPAPPPAPPPPDP|244982|21|21|21|21|14|0|0|8|0|33077|11|5|1|1|0|0
541.3960949009808|292.5994076249866|0.0|PAPNPAPPDPDAPAPPPAPPPAPPPPDP|108876|18|18|18|4|7|0|0|4|0|33683|9|3|0|1|0|0
396.0|295.8793411578717|0.0|PAPNPAPPDPDAPAPPPAPPPAPPPPDP|125022|18|18|18|4|6|0|4|8|0|34995|11|2|1|1|0|0
670.4078902127084|354.0|0.0|PAPNPAPPDPDAPAPPPAPPPAPPPPDP|109401|18|18|18|12|11|4|0|20|0|35736|10|3|0|1|0|0
539.4702845238448|282.510462191144|0.0|PAPNPAPPDPDAPAPPPAPPPAPPPPDP|179958|18|18|18|18|24|0|0|0|0|35772|11|3|1|1|0|0
522.0482712264693|257.9487737044228|0.0|PAPNPAPPDPDAPAPPPAPPPAPPPPDP|174151|18|18|18|18|24|8|0|0|0|35895|9|2|0|1|0|0
441.3174794177012|752.6981696077464|29.597311793949267|DAPNPAPPDPDAPAPPPAPPPAPPPPDP|187609|21|21|21|21|20|0|0|11|0|35879|11|3|1|1|0|0
69.56743415259629|662.20601307365|0.0|PAPNPAPPPAPPPAPPPAPPPAPPPPDP|125093|20|15|20|1|6|0|0|18|0|36129|5|5|0|0|0|0
95.625207499641|597.5|0.0|PAPNPAPPPAPPPAPPPAPPPAPPPPDP|143603|21|21|21|21|2|8|0|26|0|36223|4|5|0|0|0|0
371.96194459582534|267.84548324903545|0.0|PAPNPAPPDPDAPAPPPAPPPAPPPPDP|179974|18|18|18|18|14|0|0|16|0|38893|11|2|0|1|0|0
396.0|258.69372045095173|0.0|PAPNPAPPDPDAPAPPPAPPPAPPPPDP|122730|18|18|18|18|17|0|1|2|3|39025|8|3|2|1|0|0
394.5|65.0561137179298|0.0|PAPNPAPPDPDAPAPAPAPPPAPPPPDP|123324|21|14|18|4|3|0|0|4|0|39387|10|8|1|1|0|0
654.0|54.00000000000005|0.0|PAPNPAPPDPDAPAPPPAPPPAPPPPDP|179942|18|18|18|18|20|0|0|0|0|39723|12|4|0|1|0|0
130.2919552690828|1016.8267677722922|-10.583865157692578|PAPNPAPPDPDDDADDAPPPAPPPAPPPPDP|124988|15|15|15|15|20|0|4|8|0|39876|7|0|0|1|0|1
388.5838894132969|56.41606895355801|0.0|PAPNPAPPDPDAPAPAPAPPPAPPPPDP|244982|21|21|21|21|20|0|4|0|0|40909|10|5|1|1|0|0
381.41734982925885|86.22283199256238|0.0|PAPNPAPPDPDAPAPPPAPPPAPPPPDP|179978|18|18|18|18|13|0|0|12|0|42588|8|2|0|1|0|0
99.26171527175512|362.9858554894868|-5.379771821554665|DAPNPAPPDPDAPAPPPAPPPAPPPPDP|244449|21|21|21|21|28|0|0|3|0|43172|11|3|1|1|0|0
372.1300381027902|80.3563937218393|0.0|PAPNPAPPDPDAPAPPPAPPPAPPPPDP|179980|18|18|18|18|7|0|4|8|0|44933|9|3|0|1|0|0
508.66229162016015|254.00000000000003|0.0|PAPNPAPPDPDAPAPPPAPPPAPPPPDP|127202|18|18|18|18|24|8|8|24|0|46069|9|6|0|1|0|0
356.6962068143995|254.0|0.0|PAPNPAPPDPDAPAPPPAPPPAPPPPDP|172054|18|18|18|18|10|0|0|8|0|46819|10|4|1|1|0|0
396.0|91.08037475363156|0.0|PAPNPAPPDPDAPAPPPAPPPAPPPPDP|88100|18|12|15|0|1|0|0|12|0|47005|9|5|0|1|0|0
1470.1696441205904|1040.9145253051893|48.83786337509568|DAPNPAPPDPDAPAPPPAPPPAPPPPDP|241472|21|21|21|21|19|0|0|2|0|48091|10|5|1|1|0|0
548.4549108832606|288.53517837791935|0.0|PAPNPAPPDPDAPAPPPAPPPAPPPPDP|179961|18|18|18|18|24|0|0|0|0|48659|10|3|0|1|0|0
361.518047249156|96.0|0.0|PAPNPAPPDPDAPAPPPAPPPAPPPPDP|163156|18|18|18|18|7|0|0|12|0|61372|8|3|0|1|0|0
577.782083078565|261.888542616803|0.0|PAPNPAPPDPDAPAPPPAPPPAPPPPDP|179965|18|18|18|18|8|0|0|24|0|62070|10|4|0|1|0|0
570.0515133308894|973.1559884991566|17.077862252795562|DAPNPAPPDPDAPAPPPAPPPAPPPPDP|244025|21|21|21|21|28|0|0|5|0|64040|10|1|1|1|0|0
569.7324527964298|296.0|0.0|PAPNPAPPDPDAPAPPPAPPPAPPPPDP|138076|18|18|18|18|10|8|0|16|0|100852|8|12|0|1|0|0
396.0|204.0|0.0|PAPNPAPPDPDAPAPPPAPPPAPPPPDP|100954|17|16|15|8|3|4|0|20|0|87278|8|7|0|1|0|0
1086.783629937337|462.74760202199013|-5.299942032118418|DAPNPAPPDPDAPAPPPAPPPAPPPPDP|146740|21|21|21|21|18|0|0|2|3|75271|9|13|1|1|0|0
534.2840297943388|257.4909822832548|0.0|PAPNPAPPDPDAPAPPPAPPPAPPPPDP|106843|18|18|18|16|11|8|0|4|0|69781|9|5|0|1|0|0
680.7277673011533|254.00000000000006|0.0|PAPNPAPPDPDAPAPPPAPPPAPPPPDP|105230|18|18|18|18|7|0|0|16|0|69409|9|7|0|1|0|0
761.4229684735661|824.9141926286183|-20.851955085957666|DAPNPAPPDPDAPAPPPAPPPAPPPPDP|147996|21|21|21|21|8|0|4|5|0|59915|10|5|1|1|0|0
704.0|145.99999999999994|0.0|PAPNPAPPDPDAPAPPPAPPPAPPPPDP|152698|18|18|18|18|24|0|0|8|0|55337|10|4|0|1|0|0
654.0|290.71822809123233|0.0|PAPNPAPPDPDAPAPPPAPPPAPPPPDP|131918|18|18|18|18|10|0|0|0|0|54581|8|4|1|1|0|0
1081.1533286093616|1004.757918765337|26.872674775483404|DAPNPAPPDPDAPAPPPAPPPAPPPPDP|173200|21|21|21|21|16|12|0|23|3|53632|10|7|1|1|0|0
396.0|146.0|0.0|PAPNPAPPDPDAPAPPPAPPPAPPPPDP|174169|18|18|18|8|5|0|0|8|0|52633|8|5|0|1|0|0
394.5|94.38626873043192|0.0|PAPNPAPPDPDAPAPAPAPPPAPPPPDP|217431|21|21|21|21|25|4|0|20|0|52448|9|13|1|1|0|0
384.65200729970053|146.0|0.0|PAPNPAPPDPDAPAPPPAPPPAPPPPDP|179978|18|18|18|18|9|0|0|12|0|52410|9|5|0|1|0|0
672.5795709550881|254.0|0.0|PAPNPAPPDPDAPAPPPAPPPAPPPPDP|92813|17|18|18|8|4|4|4|8|0|50899|9|5|0|1|0|0
446.0|370.37416997660233|0.0|PAPNPAPPDPDAPAPPPAPPPAPPPPDP|102960|18|18|18|12|5|4|0|0|0|41194|11|5|0|1|0|0
446.0|119.40570916438116|0.0|PAPNPAPPDPDAPAPPPAPPPAPPPPDP|104104|18|18|18|0|8|0|4|8|0|37359|9|4|0|1|0|0
549.4863373971411|262.705671678293|0.0|PAPNPAPPDPDAPAPPPAPPPAPPPPDP|130424|18|18|18|18|9|0|0|4|0|37126|11|5|0|1|0|0
674.6584936193211|962.9342901158484|16.291673208361892|DAPNPAPPDPDAPAPPPAPPPAPPPPDP|160924|21|21|21|21|24|0|0|19|0|36987|10|4|1|1|0|0
202.5|397.5|0.0|PAPNPAPPPAPPPAPPPAPPPAPPPPDP|115527|21|21|21|13|12|4|0|16|0|34870|4|8|0|0|0|0
556.308946799|296.0|0.0|PAPNPAPPDPDAPAPPPAPPPAPPPPDP|142772|18|18|18|18|16|0|0|0|0|34526|7|4|0|1|0|0
378.4121507206656|130.4852353897091|0.0|PAPNPAPPDPDAPAPAPAPPPAPPPPDP|125285|21|14|21|4|6|0|0|24|0|34273|10|6|1|1|0|0
124.48439085137176|652.5|0.0|PAPNPAPPPAPPPAPPPAPPPAPPPPDP|195317|21|21|21|21|6|0|0|22|0|33030|4|7|0|0|0|0
396.0|127.12021767125893|0.0|PAPNPAPPDPDAPAPPPAPPPAPPPPDP|118673|18|18|18|18|13|0|0|4|0|32894|9|1|0|1|0|0
380.82677189604766|146.0|0.0|PAPNPAPPDPDAPAPPPAPPPAPPPPDP|154643|18|18|18|18|10|0|0|12|0|32766|8|2|0|1|0|0
690.5329328625517|204.00000000000006|0.0|PAPNPAPPDPDAPAPPPAPPPAPPPPDP|125035|18|18|18|18|19|0|0|8|0|32736|11|3|0|1|0|0
446.0|89.32940814981754|0.0|PAPNPAPPDPDAPAPPPAPPPAPPPPDP|179976|18|18|18|18|24|8|0|0|0|32364|9|2|0|1|0|0
547.4667642517215|285.4611560389532|0.0|PAPNPAPPDPDAPAPPPAPPPAPPPPDP|147794|18|18|18|18|24|0|0|8|0|26416|11|2|0|1|0|0
1214.0427141638997|483.2438020435274|-17.019576655320524|DAPNPAPPDPDAPAPPPAPPPAPPPPDP|243091|21|21|21|21|28|0|0|4|0|26267|10|0|1|1|0|0
383.96490592751854|290.98599191076164|0.0|PAPNPAPPDPDAPAPPPAPPPAPPPPDP|159914|18|18|18|18|10|0|0|8|0|26171|9|2|0|1|0|0
296.0|122.17285608357555|0.0|PAPNPAPPDPDAPAPPPAPPPAPPPPDP|131122|18|18|18|16|18|4|0|0|0|26060|10|2|0|1|0|0
275.0369280232246|296.0|0.0|PAPNPAPPDPDAPAPPPAPPPAPPPPDP|169141|18|18|18|18|5|0|0|8|0|25977|11|1|1|1|0|0
850.5431611792719|1064.6835379778652|13.45356009589963|DAPNPAPPDPDAPAPPPAPPPAPPPPDP|186141|21|21|21|21|28|13|2|21|0|25748|11|2|1|1|0|0
446.0|273.25446446389344|0.0|PAPNPAPPDPDAPAPPPAPPPAPPPPDP|179978|18|18|18|18|9|4|0|4|0|25714|8|1|0|1|0|0
390.34978340177605|75.48584737160424|0.0|PAPNPAPPDPDAPAPAPAPPPAPPPPDP|178555|21|21|21|21|12|0|0|12|0|25704|11|4|1|1|0|0
1047.4491661214759|688.0437221972111|-24.26723174204092|DAPNPAPPDPDAPAPPPAPPPAPPPPDP|178275|21|21|21|21|28|0|0|5|0|25560|11|1|1|1|0|0
943.9574837031817|198.63430851198007|-0.4618574208197722|DAPNPAPPDPDAPAPPPAPPPAPPPPDP|196729|21|21|21|21|18|2|0|14|6|25507|11|1|1|1|0|0
396.0|146.0|0.0|PAPNPAPPDPDAPAPPPAPPPAPPPPDP|107501|18|12|18|18|17|0|8|4|0|25472|9|1|1|1|0|0
386.33388273286465|296.0|0.0|PAPNPAPPDPDAPAPPPAPPPAPPPPDP|109761|18|18|15|4|2|0|0|0|0|25476|11|2|0|1|0|0
147.20181929082986|585.639594191532|0.0|PAPNPAPPPAPPPAPPPAPPPAPPPPDP|244982|21|21|21|21|12|4|0|14|0|25116|5|5|0|0|0|0
720.158469990773|96.8646872679303|0.0|PAPNPAPPDPDAPAPPPAPPPAPPPPDP|179949|18|18|18|18|13|0|0|4|0|15902|13|1|0|1|0|0
1739.2367747947187|678.8982046365034|5.700791733547119|DAPNPAPPDPDAPAPPPAPPPAPPPPDP|240134|21|21|21|21|8|0|0|16|0|15818|11|0|1|1|0|0
147.5|578.1526106975296|0.0|PAPNPAPPPAPPPAPPPAPPPAPPPPDP|244982|21|21|21|21|14|0|0|26|0|15793|6|1|0|0|0|0
394.5|65.59316778263187|0.0|PAPNPAPPDPDAPAPAPAPPPAPPPPDP|242142|21|21|21|21|10|0|0|4|0|15777|11|2|1|1|0|0
395.36819011337514|296.0|0.0|PAPNPAPPDPDAPAPPPAPPPAPPPPDP|179977|18|18|18|18|8|0|0|4|0|15691|10|0|0|1|0|0
383.8784893907889|354.0|0.0|PAPNPAPPDPDAPAPPPAPPPAPPPPDP|179977|18|18|18|18|12|0|0|4|0|15609|10|0|0|1|0|0
555.8272516852103|120.94789073605308|0.0|PAPNPAPPDPDAPAPPPAPPPAPPPPDP|179974|18|18|18|18|9|0|0|16|0|15520|10|1|0|1|0|0
735.7483891013875|204.0|0.0|PAPNPAPPDPDAPAPPPAPPPAPPPPDP|109437|18|18|18|18|24|0|0|4|0|15348|11|1|0|1|0|0
135.43172707857227|297.5|0.0|PAPNPAPPPAPPPAPPPAPPPAPPPPDP|229637|21|21|21|21|0|0|0|4|0|15279|5|2|0|0|0|0
138.43540495658783|711.3190870169185|0.0|PAPNPAPPPAPPPAPPPAPPPAPPPPDP|127496|20|15|21|1|4|0|0|8|0|15260|5|2|0|0|0|0
1092.5357889363668|957.3928154805146|-13.997446833908459|DAPNPAPPDPDAPAPPPAPPPAPPPPDP|242888|21|21|21|21|16|0|0|0|0|14133|12|0|1|1|0|0
554.0|204.00000000000006|0.0|PAPNPAPPDPDAPAPPPAPPPAPPPPDP|141826|18|18|18|18|13|0|0|12|0|14075|9|1|1|1|0|0
260.38238268901966|202.5|0.0|PAPNPAPPPAPPPAPPPAPPPAPPPPDP|237205|21|21|21|21|8|0|0|28|0|13990|4|2|0|0|0|0
75.51728706862497|596.2636028983638|0.0|PAPNPAPPPAPPPAPPPAPPPAPPPPDP|145029|21|21|21|13|0|0|8|4|0|13992|4|2|0|0|0|0
538.3981480125098|273.17971332381035|0.0|PAPNPAPPDPDAPPPPPAPPPAPPPPDP|179971|18|18|18|18|20|4|0|0|0|13926|9|0|1|1|0|0
710.4341214694788|1069.1049062768489|5.705794531008525|DAPNPAPPDPDAPAPPPAPPPAPPPPDP|126926|21|19|21|12|0|0|0|1|0|13823|12|1|1|1|0|0
663.9022135915629|102.18087385089558|0.0|PAPNPAPPDPDAPAPPPAPPPAPPPPDP|137072|18|18|18|18|1|0|0|8|0|13833|12|1|0|1|0|0
689.844786861925|288.1986158985688|0.0|PAPNPAPPDPDAPAPPPAPPPAPPPPDP|179955|18|18|18|18|16|0|0|0|0|13753|11|0|0|1|0|0
284.5230666645725|140.19066748731734|0.0|PAPNPAPPDPDAPAPAPAPPPAPPPPDP|230159|21|21|21|21|10|0|0|4|0|13684|12|2|1|1|0|0
718.7991954766902|446.84117313188875|2.0213347860216953|DAPNPAPPDPDAPAPPPAPPPAPPPPDP|123990|21|21|21|8|16|0|0|1|0|13553|12|1|1|1|0|0
202.5|54.00336740593215|0.0|PAPNPAPPPAPPPAPPPAPPPAPPPPDP|244981|21|21|21|21|12|0|0|12|0|13559|4|2|0|0|0|0
554.0|110.3841977764479|0.0|PAPNPAPPDPDAPAPPPAPPPAPPPPDP|179977|18|18|18|18|12|0|0|4|0|13501|12|0|1|1|0|0
354.0|99.90918608234368|0.0|PAPNPAPPDPDAPAPPPAPPPAPPPPDP|179982|18|18|18|18|8|0|0|12|0|13478|9|0|0|1|0|0
965.0205937050789|798.8660701196261|3.895660136168615|DAPNPAPPDPDAPAPPPAPPPAPPPPDP|139938|21|21|21|21|28|0|0|5|0|13414|11|1|1|1|0|0
446.0|231.81697941248066|0.0|PAPNPAPPDPDAPAPPPAPPPAPPPPDP|105267|18|18|18|12|13|0|0|4|0|13344|10|1|0|1|0|0
1773.6674440637|581.9574019263347|-3.297101528476314|DAPNPAPPDPDAPAPPPAPPPAPPPPDP|240335|21|21|21|21|16|0|0|0|0|13295|11|0|1|1|0|0
1058.483828095213|182.89847392761206|-9.1001716462308|DAPNPAPPDPDAPAPPPAPPPAPPPPDP|128720|21|21|21|21|8|0|0|5|0|13262|10|1|1|1|0|0
294.5|109.14330586259065|0.0|PAPNPAPPDPDAPAPAPAPPPAPPPPDP|157274|21|21|21|21|10|0|0|20|0|13249|11|2|1|1|0|0
297.5|747.5|0.0|PAPNPAPPPAPPPAPPPAPPPAPPPPDP|131686|21|21|21|13|4|0|0|12|0|11296|6|2|0|0|0|0
373.6528290994792|54.0|0.0|PAPNPAPPDPDAPAPPPAPPPAPPPPDP|90357|17|16|13|0|9|0|0|0|0|11277|10|1|0|1|0|0
559.6844618264547|204.00000000000006|0.0|PAPNPAPPDPDAPAPPPAPPPAPPPPDP|97552|18|18|18|12|5|0|0|12|0|11268|10|1|0|1|0|0
272.3021336733201|255.77704094811426|0.0|PAPNPAPPPAPPPAPPPAPPPAPPPPDP|133414|21|19|21|9|4|0|0|8|0|11261|4|2|0|0|0|0
654.0|254.22383893056966|0.0|PAPNPAPPDPDAPAPPPAPPPAPPPPDP|103221|18|18|18|12|1|0|0|0|0|11246|12|1|0|1|0|0
211.95516313644472|502.5|0.0|PAPNPAPPPAPPPAPPPAPPPAPPPPDP|164040|21|21|21|21|14|0|0|6|0|11196|4|1|0|0|0|0
866.725315066461|204.00000000000006|0.0|PAPNPAPPDPDAPAPPPAPPPAPPPPDP|116619|18|18|18|18|21|0|0|16|0|11120|13|1|0|1|0|0
444.5|101.86149721600388|0.0|PAPNPAPPDPDAPAPAPAPPPAPPPPDP|106322|21|18|21|8|2|0|0|12|0|11067|10|2|1|1|0|0
504.0|205.88624440298494|0.0|PAPNPAPPDPDAPAPPPAPPPAPPPPDP|138123|18|18|18|18|24|0|0|24|0|10953|10|2|0|1|0|0
295.4497382111851|204.0|0.0|PAPNPAPPDPDAPAPPPAPPNDPAAPPPPDP|179983|18|18|18|18|24|4|0|24|0|10875|9|0|0|1|0|1
504.0|106.02536184812799|0.0|PAPNPAPPDPDAPAPPPAPPPAPPPPDP|179971|18|18|18|18|20|0|0|0|0|10729|9|0|0|1|0|0
582.5409186916656|225.9681582518952|0.0|PAPNPAPPDPDAPAPPPAPPPAPPPPDP|179972|18|18|18|18|12|0|0|0|0|10619|12|0|0|1|0|0
417.0309192369389|204.0|0.0|PAPNPAPPDPDAPAPPPAPPPAPPPNDP|179973|18|18|18|18|24|4|0|8|0|10620|8|0|1|1|0|0
1740.8422464428143|841.3353132585845|0.0|PAPNPAPPPAPPPAPPPAPPPAPPPPDP|217995|21|21|21|21|18|0|0|2|0|10506|7|1|0|0|0|0
474.2161118350394|296.0|0.0|PAPNPAPPDPDAPAPPPAPPPAPPPPDP|92761|18|18|15|0|1|0|0|0|0|10472|11|1|0|1|0|0
504.0|296.0|0.0|PAPNPAPPDPDAPAPPPAPPPAPPPPDP|81207|18|18|18|8|17|0|4|8|0|10473|9|1|0|1|0|0
398.7552246709322|122.572997961911|0.0|PAPNPAPPDPDAPAPPPAPPPDPPPPDP|179975|18|18|18|18|24|0|0|4|0|10360|10|0|2|1|0|0
1048.582010347647|1022.1111209504624|-10.913388352265475|DAPNPAPPDPDAPAPPPAPPPAPPPPDP|141375|21|21|21|21|0|0|0|4|0|5231|12|0|1|1|0|0
226.6880222416131|209.35985711049688|0.0|PAPNPAPPPAPPPAPPPAPPPAPPPPDP|244981|21|21|21|21|16|0|0|12|0|5214|5|0|0|0|0|0
254.41099375573904|284.64900293924404|0.0|PAPNPAPPDPDAPAPPPAPPPAPPPPDP|124189|18|4|18|18|4|0|0|0|0|5202|12|0|1|1|0|0
553.5946979526414|54.00000000000005|0.0|PAPNPAPPDPDAPAPPPAPPPAPPPPDP|111081|18|16|18|18|8|0|0|0|0|5137|13|0|0|1|0|0
261.0150339310784|204.0|0.0|PAPNPAPPDPDAPAPPPAPPPAPPPPDP|110315|18|18|18|8|8|0|0|0|0|5056|9|0|0|1|0|0
544.8624325771899|354.0|0.0|PAPNPAPPDPDAPAPPPAPPPAPPPPDP|110131|12|18|18|16|12|0|0|0|0|5022|13|0|0|1|0|0
260.97831913280015|742.6013117145857|0.0|PAPNPAPPPAPPPAPPPAPPPAPPPPDP|244981|21|21|20|21|16|0|4|4|0|4957|7|0|0|0|0|0
360.919253961896|80.58925133763115|0.0|PAPNPAPPDPDAPAPAPAPPPAPPPPDP|111040|21|21|21|4|17|0|0|0|0|4846|11|1|1|1|0|0
352.5|717.6167645166086|0.0|PAPNPAPPPAPPPAPPPAPPPAPPPPDP|244980|21|21|21|21|16|0|0|12|0|4843|6|0|0|0|0|0
361.0635733539296|286.9432500662889|0.0|PAPNPAPPDPDAPAPPPAPPPAPPPPDP|120223|16|18|18|8|0|0|0|0|0|4840|10|0|1|1|0|0
799.4889604512524|1046.1407070720732|10.769234233594913|DAPNPAPPDPDAPAPPPAPPPAPPPPDP|140926|12|21|16|20|16|0|0|0|0|4809|11|0|1|1|0|0
1727.3134938832256|1027.3422401463579|0.0|PAPNPAPPPAPPPAPPPAPPPAPPPPDP|244969|21|21|21|21|20|4|0|0|0|4809|6|0|0|0|0|0
224.4129026231196|652.5|0.0|PAPNPAPPPAPPPAPPPAPPPAPPPPDP|244908|21|21|21|21|16|0|4|8|0|4803|6|0|0|0|0|0
461.50282829175933|296.0|0.0|PAPNPAPPDPDAPAPPPAPPPAPPPPDP|109062|18|18|18|18|8|0|0|4|0|4784|12|0|1|1|0|0
220.40950954538602|588.2199097533783|0.0|PAPNPAPPPAPPPAPPPAPPPAPPPPDP|134542|21|21|21|4|2|0|0|6|0|4720|5|1|0|0|0|0
352.5|165.54211774816292|0.0|PAPNPAPPPAPPPAPPPAPPPAPPPPDP|125286|21|21|21|21|24|0|0|0|0|4651|6|0|0|0|0|0
355.5|115.25473163553433|0.0|PAPNPAPPDPDAPAPAPAPPPAPPPPDP|210512|21|21|21|21|28|0|0|4|0|4627|10|0|1|1|0|0
423.7177090092148|112.62582545880282|0.0|PAPNPAPPDPDAPAPAPAPPPAPPPPDP|227079|21|21|21|21|8|0|0|8|0|4586|12|0|1|1|0|0
770.1271699685933|336.70234790841|-5.208472778271566|DAPNPAPPDPDAPAPPPAPPPAPPPPDP|138500|16|21|21|21|4|0|0|0|0|4435|12|0|1|1|0|0
265.24306585979815|352.5045365974305|0.0|PAPNPAPPPAPPPAPPPAPPPAPPPPDP|244980|21|21|21|21|12|0|0|0|0|4373|6|0|0|0|0|0
746.0|388.4675197453287|0.0|PAPNPAPPDPDAPAPPPAPPPAPPPPDP|104237|18|18|18|18|0|0|0|0|0|4354|11|0|0|1|0|0
354.0|127.23759728360434|0.0|PAPNPAPPDPDAPAPPPAPPPAPPPPDP|104666|4|12|18|16|4|0|0|0|0|4337|11|0|0|1|0|0
375.0236252110621|77.86387552796316|0.0|PAPNPAPPDPDAPAPAPAPPPAPPPPDP|217763|20|21|21|21|16|0|0|0|0|4256|11|0|1|1|0|0
559.4212684081209|228.83248556530515|0.0|PAPNPAPPDPDAPAPPPAPPPAPPPPDP|114922|12|18|4|18|0|0|0|4|0|4228|10|0|0|1|0|0
545.5821306633278|415.58340693071966|0.0|PAPNPAPPDPDAPAPNPAPPPAPPPPDP|216191|21|21|21|21|12|0|0|4|0|4150|12|0|2|1|0|0
355.5|161.242245581716|0.0|PAPNPAPPDPDAPAPAPAPPPAPPPPDP|201490|12|21|21|21|28|0|0|4|0|4147|10|0|1|1|0|0
261.9349438240965|147.5|0.0|PAPNPAPPPAPPPAPPPAPPPAPPPPDP|223793|21|21|21|21|4|0|0|12|0|4101|4|0|0|0|0|0
559.6062768297163|262.0719089395334|0.0|PAPNPAPPDPDAPAPPPAPPPAPPPPDP|114076|12|12|12|16|16|0|0|0|0|4097|8|0|0|1|0|0
90.56987458625085|295.4215472376716|0.0|PAPNPAPPPAPPPAPPPAPPPAPPPPDP|235533|21|21|21|21|8|0|0|0|0|4091|6|0|0|0|0|0
472.6748470174952|91.95592398556971|0.0|PAPNPAPPDPDAPAPPPAPPPAPPPPDP|114290|18|16|18|16|12|0|0|0|0|4077|12|0|0|1|0|0
