455.290780805338|96.171803930619|PAPNPAPPDPDAPAPAPAPPPAPPPPDP|122500|false|92|11|1|1|0|0
253.4790354162502|269.69211565281825|PAPNPAPPPAPPPAPPPAPPPAPPPPDP|122500|false|92|4|0|0|0|0
393.21420290310647|68.95128193598578|PAPNPAPPDPDAPAPPPAPPPAPPPPDP|90000|false|171|10|0|1|0|0
100.88485761234706|591.0168419714457|PAPNPAPPPAPPPAPPPAPPPAPPPPDP|122500|false|197|6|0|0|0|0
14.189350874899153|582.6435039764037|PAPNPAPPPAPPPAPPPAPPPAPPPPDP|122500|false|200|7|0|0|0|0
356.37809357317104|169.14005076236512|PAPNPAPPDPDAPAPPPAPPPAPPPPDP|90000|false|240|11|0|1|0|0
368.46197030359895|152.20746545176934|PAPNPAPPDPDAPAPPPAPPPAPPPPDP|90000|true|249|10|0|1|0|0
462.93458188224497|66.98427467665871|PAPNPAPPDPDAPAPAPAPPPAPPPPDP|122500|false|264|11|1|1|0|0
230.5442362444428|795.1864187661237|PAPNPAPPPAPPPAPPPAPPPAPPPPDP|122500|false|331|6|0|0|0|0
428.37084702725105|395.06310457035954|PAPNPAPPDPDAPAPNPAPPPAPPPPDP|122500|false|331|13|2|1|0|0
186.62439530474762|495.0328664301545|PAPNPAPPPAPPPAPPPAPPPAPPPPDP|122500|false|331|6|0|0|0|0
97.20946804305899|640.6906102523523|PAPNPAPPPAPPPAPPPAPPPAPPPPDP|122500|true|359|7|0|0|0|0
297.2300480061896|147.06049185885087|PAPNPAPPDPDAPAPPPAPPPAPPPPDP|90000|false|380|11|0|1|0|0
1758.3640733468067|958.9494731946462|PAPNPAPPPAPPPAPPPAPPPAPPPPDP|122500|false|503|6|0|0|0|0
141.21282873831072|705.4817657015047|PAPNPAPPPAPPPAPPPAPPPAPPPPDP|122500|false|535|6|0|0|0|0
334.2484289782477|250.9444720479153|PAPNPAPPPAPPPAPPPAPPPAPPPPDP|122500|false|630|5|0|0|0|0
520.5039719542741|133.98281378324376|PAPNPAPPDPDAPAPAPAPPPAPPPPDP|122500|false|638|11|1|1|0|0
310.7934746253225|121.38512753258021|PAPNPAPPDPDAPAPAPAPPPAPPPPDP|122500|true|677|13|1|1|0|0
578.0674173466097|171.04326481548563|PAPNPAPPDPDAPAPPPAPPPAPPPPDP|90000|false|726|11|1|1|0|0
125.30609197679057|553.0245298675424|PAPNPAPPPAPPPAPPPAPPPAPPPPDP|122500|false|806|6|0|0|0|0
260.1269193412244|753.849580935205|PAPNPAPPPAPPPAPPPAPPPAPPPPDP|122500|false|815|6|0|0|0|0
1376.9436451987476|236.529302588155|DAPNPAPPDPDAPAPPPAPPPAPPPPDP|122500|false|820|12|1|1|0|0
335.793487822625|207.1316168135109|PAPNPAPPDPDAPAPPPAPPPAPPPPDP|90000|false|855|13|0|1|0|0
223.0480296538727|292.8537411259087|PAPNPAPPDPDAPAPPPAPPPAPPPPDP|90000|false|890|10|0|1|0|0
335.03196340227805|113.82566401806002|PAPNPAPPDPDAPAPAPAPPPAPPPPDP|122500|true|916|12|1|1|0|0
193.68341478694884|456.65710145408474|PAPNPAPPPAPPPAPPPAPPPAPPPPDP|122500|false|969|7|0|0|0|0
252.10032562019282|435.4439589965303|PAPNPAPPPAPPPAPPPAPPPAPPPPDP|122500|false|1018|5|0|0|0|0
433.1896529523632|219.46064937405308|PAPNPAPPDPDAPAPPPAPPPAPPPPDP|90000|true|1047|9|0|1|0|0
554.3888962073158|219.01196482273727|PAPNPAPPDPDAPAPPPAPPPAPPPPDP|90000|false|1142|13|0|1|0|0
1761.1445860882525|898.6128427402881|PAPNPAPPPAPPAAPPPAPPPAPPPPDP|122500|false|1179|8|2|0|0|0
1.2715627190768235|564.706624900638|PAPNPAPPPAPPPAPPPAPPPAPPPPDP|122500|false|1196|5|0|0|0|0
140.8328036312953|516.1023729586273|PAPNPAPPPAPPPAPPPAPPPAPPPPDP|122500|false|1231|5|0|0|0|0
379.6900974762604|258.16209070135085|PAPNPAPPDPDAPAPPPAPPPAPPPPDP|90000|false|1236|12|0|1|0|0
296.1765555464022|517.7305785675054|PAPNPAPPPAPPPAPPPAPPPAPPPPDP|122500|false|1435|6|0|0|0|0
603.4400764698478|155.74474974847908|PAPNPAPPDPDAPAPPPAPPPAPPPPDP|90000|false|1437|10|1|1|0|0
665.2916546492282|182.90029259312666|PAPNPAPPDPDAPAPPPAPPPAPPPPDP|90000|false|1459|10|0|1|0|0
59.786381150590536|376.92501020501624|PAPNPAPPPAPPPAPPPAPPPAPPPPDP|122500|false|1518|5|0|0|0|0
319.01570678250835|651.1878144147191|PAPNPAPPPAPPPAPPPAPPPAPPPPDP|122500|false|1602|7|0|0|0|0
270.5188241375645|545.3874463967975|PAPNPAPPPAPPPAPPPAPPPAPPPPDP|122500|false|1839|5|0|0|0|0
197.99731911701411|774.4925756365993|PAPNPAPPPAPPPAPPPAPPPAPPPPDP|122500|false|1929|5|0|0|0|0
261.7947767764593|103.98354081314304|PAPNPAPPDPDAPAPAPAPPPAPPPPDP|122500|false|1956|12|1|1|0|0
482.09519977242746|598.4527216481182|DAPNPAPPDPDAPAPPPAPPPAPPPPDP|122500|false|2049|13|1|1|0|0
651.3915582684995|147.53224926073642|PAPNPAPPDPDAPAPPPAPPPAPPPPDP|90000|false|2109|11|0|1|0|0
501.0468220534381|292.6853751268697|PAPNPAPPDPDAPAPPPAPPPAPPPPDP|90000|false|2236|10|0|1|0|0
598.8004612364908|216.11501458384046|DAPNPAPPDPDAPAPPPAPPPAPPPPDP|122500|false|2319|12|1|1|0|0
351.1877130064937|138.77509982785142|PAPNPAPPDPDAPAPAPAPPPAPPPPDP|122500|true|2370|13|1|1|0|0
367.73621488502727|190.34016743472424|PAPNPAPPDPDAPAPAPAPPPAPPPPDP|122500|false|2381|12|1|1|0|0
551.0117708136746|236.47262191767052|PAPNPAPPDPDAPAPPPAPPPAPPPPDP|90000|false|2395|12|0|1|0|0
29.363067463757016|648.81678404338|PAPNPAPPPAPPPAPPPAPPPAPPPPDP|122500|false|2419|7|0|0|0|0
51.183218159071565|23.523321278556296|PAPNPAPPPAPPPDPPPAPPPAPPPPDP|122500|false|2469|5|1|0|0|0
51.18321702301868|931.7875737642261|DAPNPAPPDPDAPAPPPAPPPAPPPPDP|122500|false|2482|13|1|1|0|0
224.7095442208081|365.9651160380631|PAPNPAPPPAPPPAPPPAPPPAPPPPDP|122500|false|2566|5|0|0|0|0
298.81638995732834|143.47413311479073|PAPNPAPPDPDAPAPPPAPPPAPPPPDP|90000|false|2599|9|0|1|0|0
460.63666683043897|166.8326128845079|PAPNPAPPDPDAPAPPPAPPPAPPPPDP|90000|false|2705|10|0|1|0|0
598.8166450615181|194.59229907745876|PAPNPAPPDPDAPAPPPAPPPAPPPPDP|90000|false|2751|13|0|1|0|0
351.1832994165954|121.68130037950415|PAPNPAPPDPDAPAPAPAPPPAPPPPDP|122500|true|2753|12|1|1|0|0
351.1832178207205|432.60954565925016|PAPNPAPPPAPPPAPPPAPPPAPPPPDP|122500|true|3306|7|1|0|0|0
689.8243121566093|203.54709926295254|PAPNPAPPDPDAPAPPPAPPPAPPPPDP|90000|true|5204|12|0|1|0|0
931.1108841266162|201.18321595661993|DAPNPAPPDPDAPAPPPAPPPAPPPPDP|122500|true|5503|10|1|1|0|0
373.44687978111057|394.2179803228383|PAPNPAPPPAPPPAPPPAPPPAPPPPDP|122500|true|5505|7|0|0|0|0
486.196477333903|79.0702293883825|PAPNPAPPDPDAPAPAPAPPPAPPPPDP|122500|true|6046|13|1|1|0|0
172.8651519683469|498.8167840433801|PAPNPAPPPAPPPAPPPAPPPAPPPPDP|122500|true|6053|7|0|0|0|0
369.4527138179381|271.5521191119063|PAPNPAPPPAPPPAPPPAPPPAPPPPDP|122500|true|6091|5|0|0|0|0
552.5813980501986|209.33381246535345|PAPNDDPAAPPDPDAPAPPPAPPPAPPPPDP|90000|true|6598|12|0|1|0|1
581.4490101756312|201.48582805443053|PAPNPAPPDPDAPAPPPAPPPAPPPPDP|90000|true|6926|11|0|1|0|0
465.9526641339006|-1.1832159566199232|PAPNPAPPDPDAPAPAPAPPPAPPPPDP|122500|true|7779|11|1|1|0|0
954.3588167657488|992.2812311637125|DAPNPAPPDPDANAPPPAPPPAPPPPDP|122500|true|7912|11|2|1|0|0
448.8167840433801|166.55349976272583|PAPNPAPPDPDAPAPPPAPPPAPPPPDP|90000|true|7978|11|0|1|0|0
501.1832159566199|371.7593405675783|PAPNPAPPDPDAPAPPPAPPPAPPPPDP|90000|true|8075|11|0|1|0|0
502.2539578030053|210.84030515827317|PAPNPAPPDPDAPAPPPAPPPAPPPPDP|90000|true|8154|10|0|1|0|0
687.5494419494255|360.2654035495107|PAPNPAPPDPDAPAPPPAPPPAPPPPDP|90000|true|8318|10|1|1|0|0
781.7318626409807|801.18321595662|DAPNPAPPDPDAPAPPPAPPPAPPPPDP|122500|true|8650|11|1|1|0|0
273.6187791442413|123.03690983179787|PAPNPAPPDPDAPAPPPAPPPAPPPPDP|90000|true|8798|11|0|1|0|0
351.1832159566199|148.81678404338007|PAPNPAPPDPDAPAPPPAPPPAPPPPDP|90000|true|8934|11|0|1|0|0
283.6597559831704|372.7072305318148|PAPNPAPPPAPPPAPPPAPPPAPPPPDP|122500|true|9009|5|0|0|0|0
1198.81678404338|498.8167840433801|DAPNPAPPDPDAPAPPPAPPPAPPPPDP|122500|true|9241|12|1|1|0|0
141.47019373963218|681.1646613385939|PAPNPADPPAPPPAPPPAPPPANPPPDP|122500|true|10923|5|2|0|0|0
280.65054846949147|228.97116954148473|PAPNPAPPDPDAPAPAPAPPPAPPPPDP|122500|true|10986|12|1|1|0|0
361.3309773794718|201.18321595661993|PAPNPAPPDPDAPAPAPAPPPAPPPPDP|122500|true|11023|11|1|1|0|0
466.5082890078042|201.18321595661993|PAPNPAPPDPDAPAPPPAPPPAPPPPDP|90000|true|11309|10|0|1|0|0
488.8550042725212|351.1832159566199|PAPNPAPPDPDAPAPPPAPPPAPPPPDP|90000|true|12187|8|0|1|0|0
427.1957377719867|248.8167747172122|PAPNPAPPDPDAPAPPPAPPPAPPPPDP|90000|true|12532|10|0|1|0|0
498.8167840433801|117.85346803461584|PAPNPAPPDPDAPAPPPAPPPAPPPPDP|90000|true|13563|9|0|1|0|0
482.0882285292015|130.17199333751253|PAPNPAPPDPDAPAPPPAPPPAPPPPDP|90000|true|13631|10|0|1|0|0
182.69150349440432|148.81678404338007|PAPNPAPPDPDAPAPAPAPPPAPPPPDP|122500|true|13746|14|1|1|0|0
676.643026098699|148.81678404338007|PAPNPAPPDPDAPAPPPAPPPAPPPPDP|90000|true|13992|12|0|1|0|0
398.8167840433801|281.82230544330173|PAPNPAPPDPDAPAPPPAPPPAPPPPDP|90000|true|14044|10|1|1|0|0
687.8676198246374|551.18321595662|DAPNPAPPDPDAPAPPPAPPPAPPPPDP|122500|true|15975|11|1|1|0|0
87.42752057146305|597.5960271312904|PAPNPAPPPAPPPAPPPAPPPAPPPPDP|122500|true|16110|5|0|0|0|0
1048.81678404338|484.05672077958695|DAPNPAPPDPDAPAPPPAPPPAPPPPDP|122500|true|16237|12|1|1|0|0
386.63765107306165|113.62223975812205|PAPNPAPPDPDAPAPAPAPPPAPPPPDP|122500|true|16260|11|1|1|0|0
682.7408372146621|103.45183790513872|PAPNPAPPDPDAPAPPPAPPPAPPPPDP|90000|true|16801|11|0|1|0|0
451.1832163658398|298.8167840433801|PAPNPAPPDPDAPAPPPAPPPAPPPPDP|90000|true|17305|10|0|1|0|0
51.40030879914383|694.2551817516431|PAPNPAPPPAPPPAPPPAPPPAPPPPDP|122500|true|17378|6|0|0|0|0
132.946413347623|551.18321595662|PAPNPAPPPAPPPAPPPAPPPAPPPPDP|122500|true|17969|6|0|0|0|0
551.18321595662|148.81678404338007|PAPNPAPPDPDAPAPPPAPPPAPPPPDP|90000|true|18372|9|0|1|0|0
59.00960735326428|559.170138872038|PAPNPAPPPAPPPAPPPAPPPAPPPPDP|122500|true|18530|3|0|0|0|0
485.8866434929759|148.81678404338007|PAPNPAPPDPDAPAPPPAPPPAPPPPDP|90000|true|18610|12|0|1|0|0
298.8167840433801|158.82643121719508|PAPNPAPPDPDAPAPAPAPPPAPPPPDP|122500|true|18907|11|1|1|0|0
351.1832159566199|142.9001002491452|PAPNPAPPDPDAPAPPPAPPPAPPPPDP|90000|true|19177|9|0|1|0|0
551.18321595662|145.32626625819213|PAPNPAPPDPDAPAPPPAPPPAPPPPDP|90000|true|19311|11|0|1|0|0
704.6820657400502|298.8167840433801|PAPNPAPPDPDAPAPPPAPPPAPPPPDP|90000|true|15445|12|0|1|0|0
298.8167840433801|465.53333419843517|PAPNPAPPPAPPPAPPPAPPPAPPPPDP|122500|true|15361|6|0|0|0|0
668.812272817028|201.18321595661993|PAPNPAPPDPDAPAPPPAPPPAPPPPDP|90000|true|15266|10|0|1|0|0
684.0574831083103|93.04820274817301|PAPNPAPPDPDAPAPPPAPPPAPDPPDP|90000|true|14833|13|1|1|0|0
201.18321595661993|89.42911843090636|PAPNPAPPPAPPPAPPPAPPPAPPPPDP|122500|true|14750|5|0|0|0|0
175.01062177173614|448.7550100402011|PAPNPAPPPAPPPAPDPNDPAPPPAPPPPDP|122500|true|13518|5|0|0|0|1
480.3793162716576|298.8167840433801|PAPNPAPPDPDAPAPPPAPPPAPPPPDP|90000|true|13360|11|0|1|0|0
398.8167840433801|111.16152737730974|PAPNPAPPDPDAPAPAPAPPPAPPPPDP|122500|true|13013|12|1|1|0|0
116.45354235952713|552.7548220169019|PNPNPAPPPAPPPAPPPAPPPAPPPPDP|122500|true|12890|6|1|0|0|0
598.08349382172|291.71088297009976|PAPNPAPPDPDAPAPPPAPPPAPPPPDP|90000|true|12895|11|0|1|0|0
567.0553980901057|76.57372797955296|PAPNPAPPDPDAPAPPPAPPPAPPPPDP|90000|true|10577|11|0|1|0|0
651.4936610009648|224.97256823733497|PAPNPAPPDPDAPAPPPAPPPAPPPPDP|90000|true|10547|9|1|1|0|0
232.59283239718997|80.4142379743226|PAPNPAPPPAPPPAPPPAPPPAPPPPDP|122500|true|10520|4|0|0|0|0
543.7688240560614|56.812674648797255|PAPNPAPPDPDAPAPPPAPPPAPPPPDP|90000|true|10393|12|0|1|0|0
104.81159359057861|718.003342980686|PAPNPAPPPAPPPAPPPAPPPAPPPPDP|122500|true|10290|5|0|0|0|0
686.188897368478|270.0363209983071|PAPNPAPPDPDAPAPPPAPPPAPPPPDP|90000|true|10249|10|0|1|0|0
511.11777008393597|222.1080184459228|PAPNPAPPDPDAPAPPPAPPPAPPPPDP|90000|true|10252|10|0|1|0|0
511.09074041638104|261.36079195669134|PAPNPAPPDPDAPAPPPAPPPAPPPPDP|90000|true|10245|10|1|1|0|0
487.7455571957151|270.0350275324679|PAPNPAPPDPDAPAPPPAPPPAPPPPDP|90000|true|10152|11|1|1|0|0
107.19679498755369|595.1627658262709|PAPNPAPPPAPPPAPPPAPPPAPPPPDP|122500|true|10085|6|0|0|0|0
140.3286416574822|126.62013197062647|PAPNPAPPPAPPPAPPPAPPPAPPPPDP|122500|true|9919|5|0|0|0|0
400.4801192536435|396.5871301374784|PAPNPAPPDPDAPAPPPAPPPAPPPPDP|90000|true|4535|14|0|1|0|0
351.1832159566199|448.8087791463176|PAPNPAPPPAPPPAPPPAPPPAPPPPDP|122500|true|4535|6|0|0|0|0
188.04751973756683|448.7706602759534|PAPNPAPPPAPPPAPPPAPPPAPPPPDP|122500|true|4450|5|0|0|0|0
298.74209580659834|124.3820219209281|PAPNPAPPDPDAPAPPPAPPPAPPPPDP|90000|true|4396|11|0|1|0|0
298.5957371524307|77.25669135897569|PAPNPAPPDPDAPAPAPAPPPAPPPPDP|122500|true|4292|10|1|1|0|0
219.3736487972149|688.4044499181892|PAPNPAPPPAPPPAPPPAPPPAPPPPDP|122500|true|3942|5|0|0|0|0
989.8137060437432|264.8634112620485|DAPNPAPPDPDAPAPPPAPPPAPPPPDP|122500|true|3901|13|1|1|0|0
495.45396358447726|239.42335172350926|PAPNPAPPDPDAPAPPPAPPPAPPPPDP|90000|true|3749|10|0|1|0|0
588.3790700184888|214.17797393915652|PAPNPAPPDPDAPAPPPAPAPAPPPPDP|122500|true|3682|10|1|1|0|0
1798.81678404338|884.7935338826397|PAPNPAPPPAPPPAPPPAPPPAPPPPDP|122500|true|3662|7|1|0|0|0
